step,TotalTravelTime,AvgTravelTime,TotalTravelTime_Raw,AvgTravelTime_Raw,TotalWaitingTime,AvgWaitingTime,TotalCO2,AvgCO2,VehCount,AvgSpeed,AvgOccupancy,QueueLength
0,488.0587338889891,69.72267626985558,1000488.0587338888,125061.0073417361,4.0,1.0,2859.5466717212494,714.8866679303123,4,7.472630076901597,0.0,1
1,784.2551134527585,112.03644477896549,1000784.2551134527,125098.03188918158,4.0,1.0,5498.3122853185305,1374.5780713296326,4,5.7298266759760805,0.0,1
2,284.471847474188,47.41197457903133,2000284.4718474739,250035.55898093423,10.0,2.0,8493.588337371508,1698.7176674743016,5,5.123751445536036,0.0,3
3,164.1372074137479,20.517150926718486,164.1372074137479,20.517150926718486,0.0,0.0,9307.27547224837,2326.8188680620924,4,6.488483197861351,0.0,0
4,152.52429529746146,21.789185042494495,1000152.5242952975,125019.06553691218,0.0,0.0,14079.388155418237,2346.564692569706,6,5.3164938287739645,0.0,1
5,824.7231288697218,103.09039110871522,824.7231288697218,103.09039110871522,0.0,0.0,15674.029666758945,1959.253708344868,8,4.415829670991606,0.0,0
6,100.33422708504855,16.722371180841424,125780.74833609723,15722.593542012153,9.0,1.2857142857142858,12735.309987107365,1819.329998158195,7,5.124607183852968,0.0,3
7,74.43664638425409,9.304580798031761,74.43664638425409,9.304580798031761,0.0,0.0,6589.4579077786575,2196.4859692595523,3,10.870193295727864,0.0,0
8,72.92975661611936,9.11621957701492,72.92975661611936,9.11621957701492,0.0,0.0,1849.1012585114374,1849.1012585114374,1,10.993577781835075,0.0,0
9,72.96864129874996,14.59372825974999,2016771.934579655,252096.49182245688,3.0,0.75,6851.2807744702095,1712.8201936175524,4,5.8828297404830785,0.0,3
10,234.62231534541218,29.327789418176522,234.62231534541218,29.327789418176522,0.0,0.0,13582.98693564473,2263.8311559407884,6,4.284481855509803,0.0,0
11,116.38345919626458,14.547932399533073,116.38345919626458,14.547932399533073,0.0,0.0,15961.48412652516,2660.24735442086,6,6.543512064770329,0.0,0
12,249.7864087863827,31.22330109829784,249.7864087863827,31.22330109829784,1.0,0.125,18198.693018157577,2274.836627269697,8,6.920442035111547,0.0,1
13,116.57427447060505,14.571784308825631,116.57427447060505,14.571784308825631,6.0,1.5,6840.656778017839,1710.1641945044598,4,9.832952545055774,0.0,1
14,101.55555769351349,12.694444711689187,101.55555769351349,12.694444711689187,14.0,3.5,8076.126454541084,2019.031613635271,4,9.939069360174523,0.0,2
15,284.9827275408246,35.62284094260308,284.9827275408246,35.62284094260308,0.0,0.0,0.0,0.0,2,9.526065358083233,0.0,0
16,1184.36470249466,148.0455878118325,1184.36470249466,148.0455878118325,0.0,0.0,4581.322569735528,1145.330642433882,4,6.642664530881447,0.0,0
17,421.6714715349241,70.27857858915401,2000421.6714715348,250052.70893394185,10.0,1.4285714285714286,13737.669314613158,1962.5241878018799,7,3.1897413896233773,0.0,2
18,189.2100777774541,27.030011111064873,1000189.2100777775,125023.65125972219,20.0,2.0,23103.986426371805,2310.3986426371803,10,4.94248838028987,0.0,3
19,104.49009517184787,13.061261896480984,104.49009517184787,13.061261896480984,0.0,0.0,15600.363182519883,2228.6233117885545,7,8.321074850516045,0.0,0
20,128.71952470048961,16.089940587561202,128.71952470048961,16.089940587561202,0.0,0.0,10328.81399676589,1721.4689994609816,6,8.043503308070267,0.0,0
21,304.3302400198774,38.041280002484676,304.3302400198774,38.041280002484676,3.0,0.75,6553.380549782223,1638.3451374455558,4,8.970182758689358,0.0,1
22,48.059705955816455,8.009950992636076,697692.8405024025,87211.60506280031,14.0,4.666666666666667,4557.581295079055,1519.1937650263517,3,9.027613949001175,0.0,3
23,563.700357818085,70.46254472726062,563.700357818085,70.46254472726062,0.0,0.0,7781.630459171796,1945.407614792949,4,6.763824318400063,0.0,0
24,258.450860906562,36.92155155808029,51425.33585990329,6428.166982487911,3.0,0.42857142857142855,15007.96419239415,2143.9948846277357,7,3.809069480565604,0.0,1
25,105.6960675487321,15.099438221247443,1000105.6960675487,125013.21200844359,8.0,1.1428571428571428,16984.029081932742,2426.2898688475348,7,6.039254872018937,0.0,1
26,99.65454531380229,14.236363616257469,1000099.6545453138,125012.45681816422,13.0,1.625,15044.651014205981,1880.5813767757477,8,7.0235650540346795,3.3060157285905944,2
27,388.0106781155054,48.50133476443818,388.0106781155054,48.50133476443818,0.0,0.0,5511.756432079728,1377.939108019932,4,6.0061977841838265,0.0,0
28,85.97229708632014,10.746537135790017,85.97229708632014,10.746537135790017,0.0,0.0,5334.16730455634,2667.08365227817,2,9.75341734179994,0.0,0
29,74.65923749983908,9.332404687479885,74.65923749983908,9.332404687479885,0.0,0.0,5960.634719456853,2980.3173597284267,2,10.51020753010409,0.0,0
30,65.29147814633413,9.327354020904876,1000065.2914781463,125008.16143476829,2.0,2.0,1521.0,1521.0,1,9.37375,0.0,1
31,170.77628183055717,24.396611690079595,1000170.7762818306,125021.34703522883,7.0,3.5,3666.685313654001,1833.3426568270006,2,7.733379646798129,0.0,1
32,278.8425691454805,34.855321143185066,278.8425691454805,34.855321143185066,0.0,0.0,9028.038392860919,2257.0095982152297,4,6.663749543188605,0.0,0
33,209.01528972103904,34.835881620173176,2000209.0152897208,250026.1269112151,0.0,0.0,14897.460546694594,2128.208649527799,7,4.50135033030063,0.0,2
34,187.23119397069473,23.40389924633684,187.23119397069473,23.40389924633684,0.0,0.0,16996.586594376786,2124.573324297098,8,4.78465418035186,0.0,0
35,127.61869759531484,15.952337199414355,127.61869759531484,15.952337199414355,0.0,0.0,12443.063341816902,2073.843890302817,6,7.925215732543191,0.0,0
36,55.822861565435296,9.303810260905882,1386558.7314784133,173319.84143480167,8.0,1.3333333333333333,12863.979469289892,2143.996578214982,6,7.6951303275480605,12.112353622794103,2
37,47.42721192148566,9.485442384297132,1053508.4880837747,131688.56101047184,4.0,1.3333333333333333,4524.064884351269,1508.0216281170897,3,6.601244039258259,0.0,3
38,172.73843888862356,28.789739814770595,1812809.8254371996,226601.22817964994,14.0,2.8,9209.663790398743,1841.9327580797485,5,4.598623978695834,0.0,2
39,322.3479415767938,46.04970593954197,1000322.3479415767,125040.29349269709,24.0,3.0,16490.297605076637,2061.2872006345797,8,4.725924789519049,0.0,2
40,179.07210688417283,25.581729554881832,1000179.072106884,125022.3840133605,34.0,3.7777777777777777,17508.692277984683,1945.4102531094093,9,4.677106219078875,0.0,2
41,168.71815612813265,21.08976951601658,168.71815612813265,21.08976951601658,0.0,0.0,11573.324206484844,1653.3320294978348,7,6.360655192568767,0.0,0
42,194.5803843799911,27.797197768570157,1000194.58038438,125024.3225480475,9.0,1.2857142857142858,7952.842434261785,1136.1203477516835,7,5.349817274248502,0.0,2
43,41.29100932014684,8.258201864029369,1384507.7713945059,173063.47142431323,27.0,5.4,9037.007915523964,1807.4015831047927,5,7.214943751027259,0.0,4
44,795.9391392056519,99.49239240070649,795.9391392056519,99.49239240070649,0.0,0.0,1904.97961842516,952.48980921258,2,8.413907111599531,0.0,0
45,867.613984283187,108.45174803539838,867.613984283187,108.45174803539838,0.0,0.0,8465.049939656223,1693.0099879312445,5,6.329052598722565,0.0,0
46,251.01554734886787,31.376943418608484,251.01554734886787,31.376943418608484,5.0,0.8333333333333334,12904.578044043967,2150.7630073406613,6,5.909108607319649,0.0,1
47,185.3042428909897,26.472034698712815,1000185.304242891,125023.16303036138,10.0,1.25,17448.445745443416,2181.055718180427,8,4.796403701627065,5.29064918785096,2
48,348.2008300206371,49.742975717233875,8002.1354879100445,1000.2669359887556,3.0,0.375,15736.163840443134,1967.0204800553918,8,3.175919448538394,7.265667752066207,1
49,119.04467889193815,19.840779815323025,1005893.7615733906,125736.72019667382,6.0,0.8571428571428571,13620.954447549724,1945.8506353642463,7,4.253878046014369,0.0,2
50,59.64476889780538,11.928953779561075,2261282.551327649,282660.31891595613,20.0,3.3333333333333335,11738.751213348878,1956.4585355581464,6,5.013341897319145,7.702693888654011,3
51,47.65183226344896,11.91295806586224,3002783.2833991046,375347.9104248881,37.0,7.4,7887.4054016502005,1577.4810803300402,5,4.0978328133500055,0.0,4
52,374.9187921454187,74.98375842908374,3000374.918792146,375046.8648490182,57.0,11.4,8012.587814038977,1602.5175628077955,5,4.197624853949528,0.0,4
53,508.19433714689154,72.5991910209845,1000508.1943371468,125063.52429214335,0.0,0.0,13973.133580746222,1996.1619401066032,7,2.7903521427232776,0.0,1
54,483.5031112175254,60.43788890219067,483.5031112175254,60.43788890219067,15.0,1.5,21134.141300757474,2113.4141300757474,10,3.227582651629346,0.0,3
55,244.41744719961375,30.55218089995172,244.41744719961375,30.55218089995172,0.0,0.0,18240.304956141354,2280.038119517669,8,5.094889199315137,0.0,0
56,101.43222043048598,12.679027553810748,101.43222043048598,12.679027553810748,0.0,0.0,13743.019106027485,2290.5031843379143,6,8.694815432059192,8.679160676705777,0
57,52.723303673208584,8.787217278868097,129939.05955406206,16242.382444257757,4.0,1.0,5483.764108282142,1370.9410270705355,4,8.693797504586763,0.0,2
58,34.89621042110687,6.979242084221374,2023174.5418668028,252896.81773335036,16.0,4.0,7851.962367391083,1962.9905918477707,4,8.135814930575934,0.0,3
59,248.71921880634812,31.089902350793515,248.71921880634812,31.089902350793515,0.0,0.0,4149.461811432686,2074.730905716343,2,8.574145546758082,0.0,0
60,99.14133975088059,14.163048535840085,1000099.1413397507,125012.39266746884,0.0,0.0,5744.356811471651,1914.7856038238835,3,7.48354963490041,0.0,1
61,144.3284839092546,18.041060488656825,144.3284839092546,18.041060488656825,0.0,0.0,9696.133316736003,2424.0333291840006,4,7.100309337712824,0.0,0
62,263.35902554867835,37.62271793552548,1000263.3590255487,125032.91987819358,0.0,0.0,14599.827983931742,1824.9784979914677,8,3.8317630336314603,0.0,1
63,230.96825517990624,32.99546502570089,24042.70875353921,3005.338594192401,3.0,0.375,18581.233701244484,2322.6542126555605,8,4.137275050666448,0.0,1
64,184.15166864793434,30.691944774655724,1006684.3615095003,125835.54518868754,7.0,1.0,12833.209556948756,1833.3156509926794,7,4.587367654362137,0.0,2
65,106.23678540520972,13.279598175651214,106.23678540520972,13.279598175651214,0.0,0.0,5194.742194251219,1298.6855485628048,4,9.46282116720673,0.0,0
66,164.2298797567953,41.057469939198825,1211368.0010164247,151421.0001270531,9.0,1.8,8057.195193713917,1611.4390387427834,5,4.592946262360831,0.0,4
67,133.1854336289993,19.02649051842847,1000133.1854336289,125016.6481792036,0.0,0.0,7941.203687908912,1985.300921977228,4,5.966969125580508,0.0,1
68,174.61231993381898,21.826539991727373,174.61231993381898,21.826539991727373,0.0,0.0,14760.904699350742,2460.1507832251236,6,6.34643556177034,0.0,0
69,149.9868646296505,18.748358078706314,149.9868646296505,18.748358078706314,0.0,0.0,16278.627100630667,2034.8283875788334,8,6.725862507994458,0.0,1
70,103.28248556286174,17.21374759381029,84572.96668654715,10571.620835818394,5.0,0.7142857142857143,13361.842224639864,1908.8346035199806,7,4.789552143416612,0.0,2
71,476.7317457022293,59.591468212778665,476.7317457022293,59.591468212778665,0.0,0.0,11597.496533725478,1932.9160889542463,6,4.970847753372432,0.0,0
72,104.89181780773538,14.984545401105054,528824.1072350345,66103.01340437931,4.0,1.3333333333333333,3674.6046457696243,1224.8682152565414,3,9.306370258320992,0.0,1
73,36.36102648402774,7.272205296805548,2004166.890240739,250520.8612800924,14.0,4.666666666666667,4467.453486797634,1489.151162265878,3,7.989199077313861,0.0,3
74,392.98765715380455,56.14109387911493,1000392.9876571539,125049.12345714423,29.0,3.625,14765.007784088122,1845.6259730110153,8,3.6743499005481137,0.0,3
75,333.10023861390175,41.63752982673772,333.10023861390175,41.63752982673772,0.0,0.0,16832.72404682324,2404.674863831892,7,4.372054102052934,0.0,0
76,261.3415243610159,32.66769054512699,261.3415243610159,32.66769054512699,0.0,0.0,20812.70638281187,2601.5882978514837,8,6.029663754650391,0.0,0
77,1121.0361355753002,160.14801936790005,2439.346587366157,304.91832342076964,1.0,0.14285714285714285,10163.663262043981,1451.9518945777115,7,4.2779796919080635,0.0,1
78,119.87028159426916,17.12432594203845,1000119.8702815942,125014.98378519928,4.0,1.0,7038.46593962384,1759.61648490596,4,8.438533108534646,0.0,1
79,48.60468865918223,8.100781443197038,1635392.8441533486,204424.10551916857,13.0,4.333333333333333,4549.116289420404,1516.3720964734682,3,8.981171663920268,0.0,2
80,71.45706489939388,8.932133112424236,71.45706489939388,8.932133112424236,0.0,0.0,0.0,0.0,0,11.11,0.0,0
81,344.0586412337611,49.15123446196587,1000344.0586412336,125043.0073301542,0.0,0.0,5556.378544679854,1852.1261815599512,3,6.752171582458541,0.0,1
82,163.58777676338823,20.44847209542353,163.58777676338823,20.44847209542353,0.0,0.0,9172.85232807582,2293.213082018955,4,7.122249630694277,0.0,0
83,124.88430024544864,15.61053753068108,124.88430024544864,15.61053753068108,0.0,0.0,12493.669373577679,2498.733874715536,5,7.185665430675726,0.0,0
84,244.95551633585782,30.619439541982228,244.95551633585782,30.619439541982228,0.0,0.0,16728.198340619096,2389.7426200884424,7,6.447859339273945,7.480351736465707,0
85,101.55799068045383,14.508284382921975,36334.56609209634,4541.820761512043,2.0,0.4,12014.462783445568,2402.8925566891135,5,6.577321436635721,7.394232101576392,1
86,390.00665810988454,48.75083226373557,390.00665810988454,48.75083226373557,0.0,0.0,12191.853178888083,2438.3706357776164,5,6.76627891270895,0.0,0
87,85.65129281515007,10.706411601893759,85.65129281515007,10.706411601893759,0.0,0.0,2247.1934750344617,1123.5967375172308,2,10.469422780822175,0.0,0
88,111.02258382850596,18.50376397141766,383530.96744181187,47941.37093022648,8.0,2.6666666666666665,5045.996163553234,1681.9987211844111,3,8.149839528076997,0.0,2
89,59.390227843052934,9.89837130717549,2000059.390227843,250007.42377848038,18.0,4.5,6975.5671658910915,1743.8917914727729,4,8.515197999980302,0.0,3
90,212.70941911835064,35.45156985305844,2000212.7094191182,250026.58867738978,28.0,3.5,15084.132222457229,1885.5165278071536,8,3.5363022866850757,0.0,3
91,270.6440007439601,33.83050009299501,270.6440007439601,33.83050009299501,38.0,3.8,21283.259141051545,2128.3259141051544,10,5.06225007800558,0.0,2
92,96.16715278130135,12.02089409766267,96.16715278130135,12.02089409766267,0.0,0.0,17029.7847010303,2432.8263858614714,7,8.162209698193276,3.979793803162579,0
93,61.5685061737732,10.261417695628866,5423.6396281579155,677.9549535197394,3.0,0.6,8980.37128482585,1796.0742569651698,5,7.333197123662965,0.0,2
94,651.4282421729604,93.06117745328005,1000651.4282421727,125081.42853027159,6.0,2.0,2721.029319460935,907.0097731536449,3,7.217792066650646,0.0,1
95,898.1272234026362,149.68787056710605,2000898.1272234027,250112.26590292534,16.0,4.0,6047.444347517115,1511.8610868792787,4,6.60883375438524,0.0,3
96,203.96682851768952,33.99447141961492,2000203.9668285176,250025.4958535647,29.0,4.833333333333333,10844.67226711662,1807.4453778527702,6,5.143794723773608,0.0,3
97,269.69368393399446,38.52766913342778,1000269.693683934,125033.71171049176,23.0,2.875,16134.68981854881,2016.8362273186012,8,5.64522790679126,0.0,3
98,205.5726495202544,25.6965811900318,205.5726495202544,25.6965811900318,20.0,2.2222222222222223,21780.3989636879,2420.0443292986556,9,4.792423306347335,0.0,1
99,97.6135506281178,13.944792946873973,32705.48071739706,4088.1850896746323,3.0,0.42857142857142855,16578.118875747812,2368.3026965354015,7,5.9201328676519696,0.0,1
100,79.76489453703589,11.39498493386227,1000079.7648945369,125009.97061181712,8.0,1.3333333333333333,13048.071245283756,2174.678540880626,6,7.137106714144353,4.472305869991544,1
101,46.79471788715486,11.698679471788715,1029955.2339182248,128744.4042397781,18.0,4.5,5955.727743102802,1488.9319357757006,4,4.171128895275927,0.0,4
102,46.79471788715486,11.698679471788715,4000046.7947178874,500005.8493397359,38.0,9.5,6084.0,1521.0,4,4.165,0.0,4
103,309.437711619585,44.205387374226426,1000309.4377116195,125038.67971395244,0.0,0.0,7785.052384659556,1946.263096164889,4,6.11948349537095,0.0,1
104,217.85425044869945,27.23178130608743,217.85425044869945,27.23178130608743,0.0,0.0,13419.603583190741,2236.600597198457,6,4.590360547769815,0.0,0
105,100.97122980648822,14.424461400926889,1000100.9712298064,125012.6214037258,0.0,0.0,16752.541541764997,2393.2202202521426,7,5.747312044622481,7.313495697344763,1
106,135.50724873229385,19.35817839032769,7047.066999618754,880.8833749523443,2.0,0.25,18395.02048721406,2299.3775609017575,8,5.769958792009664,0.0,1
107,386.6777582463023,77.33555164926045,1054001.991372007,131750.24892150087,10.0,1.6666666666666667,8685.922578847712,1447.6537631412855,6,3.497435644103158,0.0,3
108,47.15972899177303,11.789932247943257,4000047.159728992,500005.894966124,30.0,5.0,10470.043676318272,1745.0072793863785,6,4.133494897123193,0.0,4
109,1203.0799599059303,150.3849949882413,1203.0799599059303,150.3849949882413,1.0,0.16666666666666666,9842.718033563879,1640.4530055939797,6,3.506202334092734,0.0,1
110,399.6691550237679,57.09559357482399,124888.64694484105,15611.080868105131,10.0,2.0,9284.947840133991,1856.9895680267982,5,6.718910103529103,0.0,2
111,424.6099487745797,53.076243596822465,424.6099487745797,53.076243596822465,20.0,2.857142857142857,14666.327764267633,2095.189680609662,7,6.505636723344213,0.0,2
112,294.53236418337946,36.81654552292243,294.53236418337946,36.81654552292243,0.0,0.0,18404.82284842344,2300.60285605293,8,5.756071754056656,0.0,0
113,160.9055101867425,20.113188773342813,160.9055101867425,20.113188773342813,0.0,0.0,14858.404064875112,2122.629152125016,7,6.166902871788414,13.788390950317364,0
114,96.70760785242753,13.81537255034679,222242.40512787353,27780.30064098419,5.0,0.8333333333333334,14681.917592183761,2446.9862653639602,6,6.860119313418523,5.149832670676346,2
115,129.17099724347702,18.452999606211,1000129.1709972435,125016.14637465544,3.0,0.75,8623.163379404255,2155.790844851064,4,7.751089967903602,6.7262333017509945,1
116,148.37703607334035,24.729506012223393,1002761.9629902026,125345.24537377532,10.0,3.3333333333333335,5203.464903059066,1734.4883010196888,3,7.3964432999130985,0.0,2
117,245.09138491518362,40.84856415253061,2000245.0913849152,250030.6364231144,20.0,4.0,9400.287464694913,1880.0574929389827,5,5.760815913751721,0.0,2
118,98.25633003357161,14.036618576224516,1000098.2563300335,125012.28204125419,0.0,0.0,8973.308847837314,2243.3272119593285,4,7.256775726641063,0.0,1
119,93.70917285616142,13.387024693737345,1000093.709172856,125011.713646607,0.0,0.0,11574.985748241332,2314.9971496482663,5,7.672298674790655,0.0,1
120,215.86382550716985,30.837689358167122,4556.024810657165,569.5031013321457,1.0,0.14285714285714285,11365.500139291296,1623.6428770416137,7,4.51238985573094,0.0,1
121,111.78133738784081,13.972667173480101,111.78133738784081,13.972667173480101,0.0,0.0,12669.778999382519,2533.955799876504,5,7.471998550964054,7.17957231907036,0
122,83.24296096311879,10.405370120389849,83.24296096311879,10.405370120389849,0.0,0.0,9291.329046718476,2322.832261679619,4,9.441909443372612,2.064190556536971,0
123,62.06095555377305,8.86585079339615,3010.499289924513,376.31241124056413,2.0,1.0,3373.2951402578515,1686.6475701289257,2,9.901643055462875,0.0,1
124,171.75949030449777,28.626581717416297,1019669.0198640449,127458.6274830056,10.0,3.3333333333333335,5067.238672843124,1689.0795576143746,3,7.374306287761373,0.0,2
125,131.4638276611159,18.78054680873084,1000131.4638276611,125016.43297845764,0.0,0.0,6210.200228768539,2070.0667429228465,3,7.257623724602163,0.0,1
126,291.14225634728916,36.392782043411145,291.14225634728916,36.392782043411145,0.0,0.0,16073.863410265567,2296.2662014665098,7,3.9131355479266494,0.0,0
127,125.67975703841502,15.709969629801877,125.67975703841502,15.709969629801877,0.0,0.0,17564.08824199999,2509.1554631428558,7,7.671790920225903,0.0,0
128,100.35517416194281,12.544396770242852,100.35517416194281,12.544396770242852,0.0,0.0,15232.069394325958,2176.0099134751367,7,8.684740121111131,7.230642653318853,0
129,435.03576940934545,62.147967058477924,3978.634010233884,497.3292512792355,3.0,0.42857142857142855,9878.129734381668,1411.1613906259524,7,5.8517887300034594,0.0,2
130,30.09880959976461,7.524702399941153,2026312.9132453683,253289.11415567104,16.0,3.2,7461.382908310604,1492.2765816621209,5,6.260605814170205,0.0,4
131,53.686786632932176,13.421696658233044,3014664.727568082,376833.09094601026,30.0,6.0,8202.104842744158,1640.4209685488318,5,5.513789214006652,0.0,4
132,152.2670048692936,21.752429267041943,1000152.2670048691,125019.03337560863,5.0,1.6666666666666667,5079.2230412423105,1693.0743470807702,3,7.752433133183513,0.0,2
133,462.6444690538391,57.830558631729886,462.6444690538391,57.830558631729886,10.0,1.4285714285714286,14546.581817210084,2078.083116744298,7,3.954658479462378,0.0,1
134,342.5720102908347,42.82150128635434,342.5720102908347,42.82150128635434,0.0,0.0,21603.873154872945,2400.430350541438,9,3.6305390887777316,0.0,0
135,117.78457475980014,14.723071844975017,117.78457475980014,14.723071844975017,0.0,0.0,16579.93515027575,2368.562164325107,7,7.093577338064321,0.0,0
136,82.42494825737178,11.77499260819597,8533.244932233043,1066.6556165291304,1.0,0.14285714285714285,12622.20152771896,1803.1716468169943,7,7.338278936839597,7.155309686224598,1
137,36.832527936626086,7.366505587325217,33755.70960847648,4219.46370105956,8.0,2.0,4536.095248338551,1134.0238120846377,4,7.9508060118299735,7.805400798093842,3
138,829.8598463357563,165.97196926715125,3000829.8598463363,375103.73248079204,23.0,5.75,6043.665574806413,1510.9163937016033,4,6.960128275994689,0.0,3
139,102.77511629586812,14.682159470838302,1000102.7751162957,125012.84688953696,0.0,0.0,3833.039531458356,1916.519765729178,2,8.58017539614113,0.0,1
140,286.4635634892108,35.80794543615135,286.4635634892108,35.80794543615135,0.0,0.0,11177.415902889354,2235.483180577871,5,6.063362389062531,0.0,0
141,161.34504099154594,23.04929157022085,1000161.3450409916,125020.16813012394,0.0,0.0,18534.907856604677,2316.8634820755847,8,5.159213493783027,0.0,1
142,100.77542472635301,12.596928090794126,100.77542472635301,12.596928090794126,0.0,0.0,17552.88197149375,2507.5545673562497,7,8.43227399443046,0.0,0
143,102.69370710890728,12.83671338861341,102.69370710890728,12.83671338861341,2.0,0.2857142857142857,13572.489630290382,1938.927090041483,7,8.417219758168251,5.772132274958608,1
144,57.638284593546345,11.527656918709269,3000057.638284594,375007.2047855742,12.0,2.4,9405.526315779216,1881.1052631558432,5,5.182004778940852,0.0,3
145,59.75838542760517,8.536912203943595,1000059.7583854275,125007.46979817844,4.0,4.0,1521.0,1521.0,1,10.06875,0.0,1
146,210.35449329889184,30.05064189984169,1000210.3544932988,125026.29431166235,9.0,3.0,5758.44934972543,1919.4831165751432,3,7.624446257764939,0.0,1
147,307.1931496133619,43.88473565905171,1000307.1931496132,125038.39914370165,0.0,0.0,10606.41470154186,2121.282940308372,5,5.15320605779998,0.0,1
148,197.4560544236748,24.68200680295935,197.4560544236748,24.68200680295935,0.0,0.0,16573.423897133613,2367.6319853048017,7,5.827836003996199,0.0,0
149,167.3856030573582,20.923200382169775,167.3856030573582,20.923200382169775,0.0,0.0,17302.12877132385,2162.766096415481,8,6.718253711453503,0.0,0
150,104.34780525595549,13.043475656994437,104.34780525595549,13.043475656994437,3.0,0.5,12649.864312870966,2108.310718811828,6,8.526721501484424,7.325748724093728,1
151,57.82300928866457,9.637168214777429,1044256.6019885438,130532.07524856797,11.0,2.2,7406.656808035279,1481.331361607056,5,7.909676315028513,1.3588428507858907,2
152,133.16862332076255,33.29215583019064,2197026.211522411,274628.2764403014,25.0,5.0,8088.794146129166,1617.758829225833,5,5.306767666346544,0.0,4
153,86.47997051400057,14.413328419000095,2000086.4799705138,250010.80999631423,5.0,1.25,6722.804211772024,1680.701052943006,4,6.908167786067351,0.0,3
154,229.13719585635943,32.733885122337064,1000229.1371958563,125028.64214948204,10.0,1.6666666666666667,12066.14027790413,2011.0233796506882,6,5.91937862548395,0.0,2
155,215.48171303262814,26.935214129078517,215.48171303262814,26.935214129078517,15.0,1.875,17774.072495373457,2221.759061921682,8,6.3506095992586555,0.0,1
156,230.30496475682253,28.788120594602816,230.30496475682253,28.788120594602816,0.0,0.0,17969.65122786493,2246.2064034831164,8,7.6111433651280676,0.0,0
157,716.6923914988904,89.5865489373613,716.6923914988904,89.5865489373613,2.0,0.2857142857142857,12275.51930912605,1753.6456155894357,7,7.532252325016739,0.0,1
158,94.6611296049956,18.93222592099912,2001447.2496398191,250180.9062049774,10.0,1.6666666666666667,7761.210178994768,1293.5350298324613,6,5.578616932438477,0.0,3
159,59.12589139327437,9.854315232212395,63827.85458816742,7978.481823520928,5.0,2.5,3022.241227165731,1511.1206135828654,2,7.638871548346514,0.0,2
160,114.80316310799583,16.400451872570834,1000114.803163108,125014.3503953885,0.0,0.0,3640.331555146496,1820.165777573248,2,7.8297687601298085,0.0,1
161,169.93482435098144,21.24185304387268,169.93482435098144,21.24185304387268,0.0,0.0,7315.796295715112,2438.5987652383706,3,7.743384264139458,0.0,0
162,251.93090286546519,31.491362858183148,251.93090286546519,31.491362858183148,0.0,0.0,14010.510763181062,2335.0851271968436,6,5.628487201032694,0.0,0
163,320.02682716098167,40.00335339512271,320.02682716098167,40.00335339512271,0.0,0.0,17209.9167665438,2458.559538077686,7,5.807373659086879,0.0,0
164,99.57226365433648,14.22460909347664,6040.8684304189965,755.1085538023746,3.0,0.42857142857142855,15618.216431197849,2231.173775885407,7,6.715222696874052,0.9387835329604854,1
165,723.7650876982486,103.39501252832123,1000723.7650876982,125090.47063596228,8.0,1.3333333333333333,12132.747614654527,2022.124602442421,6,6.694599407533287,4.624938651238608,1
166,47.35228511165706,7.89204751860951,2000047.3522851118,250005.91903563897,9.0,3.0,5302.136162560216,1767.3787208534052,3,9.094517070468102,7.0492936298293785,2
167,293.20582353511656,41.88654621930237,890376.3404519698,111297.04255649622,2.0,0.6666666666666666,5800.694554694654,1933.5648515648845,3,8.176428596067293,0.0,1
168,354.6072441174781,50.6581777310683,1000354.6072441174,125044.32590551468,7.0,1.4,9927.921548522352,1985.5843097044703,5,5.630994191921783,0.0,1
169,179.58757932716946,25.655368475309924,1000179.5875793272,125022.4484474159,12.0,2.0,13208.23595991556,2201.372659985927,6,5.605651453495957,0.0,1
170,101.03650461031981,14.43378637290283,1000101.0365046103,125012.62956307629,17.0,1.8888888888888888,19066.102472151673,2118.4558302390747,9,6.498820176556547,6.837855395878023,3
171,163.13100108439124,23.304428726341605,370107.1194550988,46263.38993188735,27.0,3.857142857142857,14782.452651439042,2111.7789502055775,7,6.373684136484076,0.0,3
172,99.54495745621512,14.22070820803073,1000099.5449574562,125012.44311968202,42.0,7.0,13343.248723096181,2223.8747871826968,6,7.963981349486858,0.0,3
173,53.20734472054863,10.641468944109727,2001622.170842914,250202.77135536424,58.0,9.666666666666666,7822.032863392133,1303.6721438986888,6,6.926035930925964,0.0,4
174,24.66234701223902,6.165586753059755,3007900.943802574,375987.6179753218,80.0,16.0,7569.112937775013,1513.8225875550027,5,6.946546573731364,0.0,5
175,297.5186352340673,37.18982940425841,297.5186352340673,37.18982940425841,0.0,0.0,8106.882138286512,2026.720534571628,4,7.72251565470593,0.0,0
176,253.39348589395638,42.23224764899273,2000253.393485894,250031.67418573675,0.0,0.0,12337.469548758989,2056.244924793165,6,5.022619891192299,0.0,2
177,275.2662697484102,34.408283718551274,275.2662697484102,34.408283718551274,0.0,0.0,19396.63028215159,2424.5787852689486,8,5.3060077700892005,0.0,0
178,112.369839421108,14.0462299276385,112.369839421108,14.0462299276385,0.0,0.0,15677.54455683676,1959.693069604595,8,8.354980065332327,5.836849509833542,0
179,80.50713073138638,11.50101867591234,2373.8870809576274,296.7358851197034,6.0,0.8571428571428571,15758.25042665153,2251.17863237879,7,8.141471137914866,7.033262801535045,2
180,24.66234701223902,6.165586753059755,2869330.4579213136,358666.3072401642,20.0,5.0,5838.289266414582,1459.5723166036455,4,6.94626979469977,0.0,4
181,24.66234701223902,6.165586753059755,4000024.6623470127,500003.0827933766,40.0,10.0,6084.0,1521.0,4,6.945,0.0,4
182,393.21256435038504,78.64251287007701,3000393.2125643506,375049.1515705438,60.0,6.666666666666667,16233.65161219643,1803.7390680218257,9,2.384995949578006,0.0,5
183,135.23688844973523,19.31955549281932,1000135.2368884496,125016.9046110562,0.0,0.0,13163.700477862403,2193.9500796437337,6,4.761202825447545,0.0,1
184,238.44632339431843,29.805790424289803,238.44632339431843,29.805790424289803,0.0,0.0,20661.745612856124,2582.7182016070155,8,6.133459190746071,6.777071605034735,0
185,1071.9399147800245,133.99248934750307,1071.9399147800245,133.99248934750307,4.0,0.5,15653.688187270742,1956.7110234088427,8,6.836052944232313,7.54605024080206,2
186,143.93157342996537,17.99144667874567,143.93157342996537,17.99144667874567,6.0,1.0,11931.752956968181,1988.6254928280302,6,7.853031195808624,0.0,2
187,58.175129071738425,9.695854845289738,2000058.1751290716,250007.27189113395,16.0,4.0,4934.596172701789,1233.6490431754473,4,8.414482063747036,0.0,2
188,24.66234701223902,6.165586753059755,2049803.2742936155,256225.40928670194,30.0,7.5,6025.503767710352,1506.375941927588,4,6.946416556113135,0.0,4
189,452.14386714020907,56.51798339252613,452.14386714020907,56.51798339252613,0.0,0.0,8128.430021557617,2032.1075053894042,4,5.524785380312242,0.0,0
190,163.3796065608355,23.33994379440507,1000163.3796065607,125020.42245082009,0.0,0.0,13294.794826406292,2215.799137734382,6,4.365469275582582,0.0,1
191,159.3789320665663,19.92236650832079,159.3789320665663,19.92236650832079,0.0,0.0,19591.819913056836,2448.9774891321044,8,6.443868182032602,0.0,0
192,97.28328098574394,12.160410123217993,97.28328098574394,12.160410123217993,0.0,0.0,11976.386833052342,2395.2773666104686,5,9.148987093520034,0.0,0
193,91.08107841089387,11.385134801361733,91.08107841089387,11.385134801361733,1.0,0.25,7340.796130077637,1835.1990325194092,4,10.444794187767696,0.0,1
194,75.2499976315338,9.406249703941725,75.2499976315338,9.406249703941725,0.0,0.0,1540.3382807178168,1540.3382807178168,1,10.85506260837467,8.726184764722689,0
195,59.75838542760517,8.536912203943595,4080.2822357925947,510.03527947407434,2.0,2.0,1488.4138486078195,1488.4138486078195,1,10.071779766879482,0.0,1
196,97.67359738162929,13.95337105451847,800097.8640641399,100012.23300801749,7.0,3.5,3668.862242738086,1834.431121369043,2,9.273036181475593,0.0,1
197,208.53135272988695,34.75522545498116,2000208.5313527298,250026.06641909122,0.0,0.0,10054.360415505642,2010.8720831011283,5,6.231669654939324,0.0,2
198,451.69645671717217,56.46205708964652,451.69645671717217,56.46205708964652,0.0,0.0,15777.31906011959,2253.902722874227,7,4.724959094596562,0.0,0
199,188.2972998030996,23.53716247538745,188.2972998030996,23.53716247538745,0.0,0.0,16914.998232369035,2114.3747790461293,8,4.750390154547244,0.0,0
200,99.59814816517033,12.449768520646291,99.59814816517033,12.449768520646291,0.0,0.0,15572.202155577459,2595.3670259295764,6,7.547270268114454,6.822642205787588,0
201,88.31070319235316,12.615814741764737,7688.70958231311,961.0886977891388,3.0,0.75,6244.598677457614,1561.1496693644035,4,6.793591990059851,0.0,1
202,606.9951176910358,75.87438971137948,606.9951176910358,75.87438971137948,0.0,0.0,8047.867231764266,2011.9668079410665,4,4.479190540944208,0.0,0
203,451.25139704765854,64.46448529252265,1000451.2513970474,125056.40642463093,20.0,2.857142857142857,12278.185127583301,1754.0264467976144,7,4.403823036174289,0.0,4
204,167.28872443376363,23.898389204823378,1000167.2887244336,125020.9110905542,40.0,5.714285714285714,13285.76823809184,1897.966891155977,7,4.967494811685756,0.0,4
205,344.9189673235941,49.274138189084866,1000344.9189673236,125043.11487091545,60.0,6.666666666666667,18389.001679410074,2043.2224088233415,9,3.778261125907302,0.0,4
206,251.8890010054876,50.377800201097514,5175.759019503721,646.9698774379651,82.0,6.833333333333333,19360.48846705137,1613.3740389209477,12,1.7013817018364366,0.0,6
207,204.17327001292736,25.52165875161592,204.17327001292736,25.52165875161592,0.0,0.0,18563.2844506116,2320.41055632645,8,4.350280719747382,0.0,0
208,491.2442901829212,61.40553627286515,491.2442901829212,61.40553627286515,0.0,0.0,17430.76290053417,2178.845362566771,8,5.021749748563993,0.0,0
209,47.84527988281359,11.961319970703398,3003238.8380735638,375404.85475919547,16.0,3.2,7350.773567048842,1470.1547134097684,5,4.08255375445456,0.0,4
210,349.99919978574076,49.99988568367725,56984.372311277686,7123.046538909711,2.0,0.6666666666666666,5515.17957920472,1838.39319306824,3,6.746273016940585,0.0,1
211,352.7609113947655,44.09511392434569,352.7609113947655,44.09511392434569,7.0,1.75,7628.400729160809,1907.1001822902022,4,7.753515569431475,0.0,1
212,287.34748064640473,35.91843508080059,287.34748064640473,35.91843508080059,0.0,0.0,11706.08738734133,2341.2174774682658,5,6.541050996053964,0.0,0
213,240.58682042220593,30.07335255277574,240.58682042220593,30.07335255277574,0.0,0.0,18919.47490225859,2364.9343627823237,8,4.573992404260229,0.0,0
214,123.69280472368422,15.461600590460527,123.69280472368422,15.461600590460527,0.0,0.0,13233.517567052313,1890.502509578902,7,7.804844900542331,6.5491167185143695,0
215,88.02951192506708,14.671585320844514,1041438.1925164566,130179.77406455707,6.0,1.0,10377.414736030281,1729.5691226717136,6,6.550186471590533,0.0,2
216,908.6630697726187,113.58288372157733,908.6630697726187,113.58288372157733,0.0,0.0,3416.888611641817,1138.9628705472724,3,7.6580850743173565,0.0,0
217,47.42721192148566,9.485442384297132,1410390.1714732843,176298.77143416053,11.0,3.6666666666666665,4531.93042223376,1510.6434740779198,3,6.597160381574438,0.0,3
218,312.65872397823887,44.66553199689127,1000312.6587239783,125039.08234049729,9.0,1.5,11624.73894422207,1937.4564907036784,6,5.3752783225255545,0.0,2
219,253.20476730554515,31.650595913193143,253.20476730554515,31.650595913193143,0.0,0.0,17135.56874976066,2447.9383928229513,7,5.085999116995372,0.0,0
220,234.06105160700963,29.257631450876204,234.06105160700963,29.257631450876204,0.0,0.0,20703.464450029413,2587.9330562536766,8,5.919030912774804,8.330579458296938,0
221,155.0682664354904,19.3835333044363,155.0682664354904,19.3835333044363,0.0,0.0,11291.435849541143,1881.905974923524,6,8.010925029998496,0.40306804577312505,0
222,51.53508583469671,10.307017166939342,911995.9894724635,113999.49868405794,8.0,1.6,7446.932967351953,1489.3865934703906,5,6.677141725232538,0.0,3
223,24.66234701223902,6.165586753059755,3027352.68734796,378419.085918495,26.0,6.5,6060.693381859386,1515.1733454648465,4,6.945445742054158,0.0,4
224,24.66234701223902,6.165586753059755,4000024.6623470127,500003.0827933766,46.0,11.5,6084.0,1521.0,4,6.945,0.0,4
225,156.14837461987707,19.518546827484634,156.14837461987707,19.518546827484634,0.0,0.0,4260.254947294616,2130.127473647308,2,9.478289753475693,0.0,0
226,238.91411780739026,29.864264725923782,238.91411780739026,29.864264725923782,0.0,0.0,8716.895411186688,2179.223852796672,4,7.060304158222861,0.0,0
227,304.7372662257729,38.09215827822161,304.7372662257729,38.09215827822161,0.0,0.0,16203.864689454907,2314.8378127792726,7,4.352312804004177,0.0,0
228,181.0761578699006,22.634519733737577,181.0761578699006,22.634519733737577,0.0,0.0,15515.667549758535,1939.4584437198168,8,6.028962633701508,0.0,0
229,64.03894185281146,10.673156975468578,474215.9384691667,59276.99230864584,8.0,1.1428571428571428,16840.204836021414,2405.743548003059,7,7.164882487730128,0.0,2
230,48.91267517898724,8.152112529831207,2000048.912675179,250006.11408439738,18.0,4.5,7695.301407824003,1923.8253519560008,4,8.95674003649152,0.0,2
231,37.48268849147624,7.496537698295247,2010608.3622295652,251326.04527869564,31.0,7.75,4532.452820228161,1133.1132050570402,4,7.896302538648413,0.0,3
232,18.496760259179265,6.165586753059755,3543908.0400424236,442988.50500530296,48.0,9.6,7544.373585390057,1508.8747170780114,5,5.209922029488523,0.0,5
233,219.54150568682462,36.5902509478041,2000219.541505687,250027.44268821087,68.0,9.714285714285714,13119.414993793642,1874.2021419705202,7,5.9237588687893,0.0,4
234,339.71220150400677,48.530314500572395,1000339.7122015039,125042.46402518799,88.0,9.777777777777779,17339.803188140133,1926.644798682237,9,5.204161761464784,0.0,4
235,314.02355532079963,39.252944415099954,314.02355532079963,39.252944415099954,0.0,0.0,15512.699160690427,1939.0873950863033,8,4.065039310129186,0.0,0
236,144.998318970007,20.71404556714386,143105.23348881604,17888.154186102005,3.0,0.375,13976.50192326255,1747.0627404078186,8,4.3534271331795384,0.0,1
237,62.93436551389659,10.489060918982764,2000062.934365514,250007.86679568925,8.0,1.3333333333333333,11474.730415891285,1912.4550693152141,6,7.088029887823652,0.0,2
238,43.30351163403241,8.660702326806483,2058754.0479513837,257344.25599392297,21.0,5.25,4557.066441254631,1139.2666103136578,4,7.598667187566476,0.0,3
239,24.66234701223902,6.165586753059755,4000024.6623470127,500003.0827933766,40.0,10.0,6083.282318512414,1520.8205796281036,4,6.945,0.0,4
240,71.45706489939388,8.932133112424236,71.45706489939388,8.932133112424236,0.0,0.0,0.0,0.0,0,11.11,0.0,0
241,698.3301124375964,99.76144463394235,1000698.3301124376,125087.2912640547,0.0,0.0,13473.00538496553,1924.715054995076,7,2.4774665012559853,0.0,1
242,348.0790215386111,43.509877692326384,348.0790215386111,43.509877692326384,0.0,0.0,18195.058761600674,2274.3823452000843,8,3.431889824254904,0.0,0
243,104.96357039609293,13.120446299511617,104.96357039609293,13.120446299511617,0.0,0.0,21528.946029901323,2691.1182537376653,8,7.4920859156129875,0.0,0
244,82.16105828664386,10.270132285830483,82.16105828664386,10.270132285830483,0.0,0.0,7047.763808172649,1409.5527616345298,5,9.899580107959435,14.67323772759812,0
245,27.570777797887438,6.892694449471859,14368.886853956341,1796.1108567445426,6.0,1.2,9139.898821660403,1827.9797643320805,5,6.404694342862256,0.0,4
246,65.29147814633413,9.327354020904876,1000065.2914781461,125008.16143476826,4.0,4.0,1521.0,1521.0,1,9.37375,0.0,1
247,245.64184544967398,49.12836908993479,3000245.6418454503,375030.7052306813,9.0,1.8,8845.619800411332,1769.1239600822664,5,4.833167422136757,0.0,3
248,132.54955951261985,18.935651358945695,1000132.5495595126,125016.56869493908,0.0,0.0,10211.158751517089,2042.2317503034178,5,6.320817016582005,0.0,1
249,313.59812400379366,39.19976550047421,313.59812400379366,39.19976550047421,0.0,0.0,16231.003076171108,2318.714725167301,7,5.6419052172015345,0.0,0
250,136.33480966010035,17.041851207512543,136.33480966010035,17.041851207512543,0.0,0.0,15933.557634947989,1991.6947043684986,8,6.181581016561044,0.0,0
251,353.37685242289444,50.48240748898492,67580.00597259993,8447.500746574991,6.0,0.75,16144.2160272393,2018.0270034049124,8,5.555976582163232,0.0,2
252,41.705302320726105,8.34106046414522,2102123.8881098866,262765.4860137358,21.0,4.2,7340.400087807062,1468.0800175614124,5,7.179193602724732,0.0,3
253,59.12589139327437,9.854315232212395,1003213.3993135216,125401.6749141902,1.0,0.5,2482.6523198487694,1241.3261599243847,2,7.6408938085154245,0.0,2
254,242.2564991975836,30.28206239969795,242.2564991975836,30.28206239969795,0.0,0.0,4058.6315492214912,2029.3157746107456,2,8.04835869865492,0.0,0
255,242.1430643468133,30.267883043351663,242.1430643468133,30.267883043351663,0.0,0.0,9333.3338325002,2333.33345812505,4,6.287318483719137,0.0,0
256,182.60787577779638,22.825984472224548,182.60787577779638,22.825984472224548,0.0,0.0,14778.127597458286,2463.0212662430476,6,7.201218026485295,7.257284182693979,0
257,312.1602256217259,39.020028202715736,312.1602256217259,39.020028202715736,0.0,0.0,19703.988303206246,2462.998537900781,8,5.324305406458252,0.0,0
258,957.9021321754693,119.73776652193366,957.9021321754693,119.73776652193366,1.0,0.16666666666666666,10295.582684165358,1715.930447360893,6,7.499600842484398,0.0,1
259,151.23093779083334,18.903867223854167,151.23093779083334,18.903867223854167,0.0,0.0,9023.383090286496,1804.676618057299,5,8.36309478185514,0.0,0
260,50.17841498386808,8.363069163978013,2000050.178414984,250006.272301873,8.0,2.6666666666666665,3042.0,1014.0,3,8.867838441993996,0.0,2
261,279.0060368968536,39.858005270979085,1000279.0060368968,125034.8757546121,0.0,0.0,5552.6603631781045,1850.8867877260348,3,7.660156257709023,0.0,1
262,337.51688483202815,42.18961060400352,337.51688483202815,42.18961060400352,0.0,0.0,11340.080681623605,2268.016136324721,5,6.294091421952471,0.0,0
263,119.40242500675375,17.057489286679107,1000119.4024250067,125014.92530312584,0.0,0.0,16931.449172029952,2418.778453147136,7,6.286981404421385,0.0,1
264,119.66564278970624,14.95820534871328,119.66564278970624,14.95820534871328,0.0,0.0,14002.890114814245,2000.4128735448921,7,7.2992711228476255,0.0,0
265,119.23322573837359,14.904153217296699,119.23322573837359,14.904153217296699,2.0,0.3333333333333333,11366.184409256617,1894.3640682094363,6,7.585776073785001,0.0,1
266,84.94568505917792,12.135097865596846,591983.9890497075,73997.99863121344,10.0,2.0,11037.739986764034,2207.5479973528068,5,7.477125802024889,0.0,2
267,88.6150842812894,12.659297754469915,1000088.6150842811,125011.07688553513,3.0,1.5,3546.096769719169,1773.0483848595845,2,8.638162517866583,0.0,1
268,65.29147814633413,9.327354020904876,13905.794604081791,1738.224325510224,4.0,4.0,1515.8569325700992,1515.8569325700992,1,9.374523454541542,0.0,1
269,635.0752869885131,79.38441087356414,635.0752869885131,79.38441087356414,0.0,0.0,12553.834838685461,2092.3058064475767,6,3.7719316964712926,0.0,0
270,178.01113519222767,22.25139189902846,178.01113519222767,22.25139189902846,0.0,0.0,16954.229068648292,2422.032724092613,7,5.299195001886691,0.0,0
271,105.72303404208621,13.215379255260777,105.72303404208621,13.215379255260777,0.0,0.0,20390.21622427817,2548.7770280347713,8,7.675280528094214,7.237529980520208,0
272,157.54442349229768,19.69305293653721,157.54442349229768,19.69305293653721,0.0,0.0,7674.322935182397,1534.8645870364794,5,8.84375379314106,7.998289297151473,0
273,75.74387973686675,9.467984967108343,75.74387973686675,9.467984967108343,0.0,0.0,3219.2293081639305,3219.2293081639305,1,10.397916542710735,0.0,0
274,196.1472481387297,24.518406017341213,196.1472481387297,24.518406017341213,0.0,0.0,1975.2355879812792,1975.2355879812792,1,9.455557626829311,0.0,0
275,128.56211920899472,16.07026490112434,128.56211920899472,16.07026490112434,0.0,0.0,2073.1903453473033,2073.1903453473033,1,9.542943796999753,0.0,0
276,199.4582855638781,24.93228569548476,199.4582855638781,24.93228569548476,0.0,0.0,8540.438480034198,2135.1096200085494,4,6.871536173108034,0.0,0
277,212.3494948049153,26.543686850614414,212.3494948049153,26.543686850614414,0.0,0.0,17018.198062510055,2431.171151787151,7,5.784432396901538,0.0,1
278,112.39069232381439,14.048836540476799,112.39069232381439,14.048836540476799,0.0,0.0,14974.136018637535,2139.162288376791,7,7.836236560095029,0.0,0
279,113.53658638234023,14.192073297792529,113.53658638234023,14.192073297792529,2.0,0.4,12265.373392912192,2453.0746785824385,5,8.589767696696313,0.0,1
280,916.4606804060983,114.55758505076228,916.4606804060983,114.55758505076228,7.0,1.75,5468.347327303503,1367.0868318258758,4,8.063295968028868,7.345741764879676,1
281,59.75838542760517,8.536912203943595,84278.96221515063,10534.87027689383,2.0,2.0,1520.1060525256944,1520.1060525256944,1,10.068894637439515,0.0,1
282,154.79938364109807,25.799897273516347,2000154.7993836412,250019.34992295515,7.0,2.3333333333333335,5179.850451540196,1726.6168171800655,3,7.386064002281055,0.0,2
283,130.78642201982947,18.683774574261353,1000130.7864220197,125016.34830275246,12.0,3.0,8624.539136215106,2156.1347840537765,4,6.699950670388062,0.0,1
284,567.895612713405,70.98695158917562,567.895612713405,70.98695158917562,0.0,0.0,13696.222876452684,2282.703812742114,6,5.2728986417967825,0.0,0
285,381.58123516474006,47.69765439559251,381.58123516474006,47.69765439559251,0.0,0.0,15132.980630068745,2161.8543757241064,7,5.445540470197191,1.6899232347782345,0
286,105.62793543954918,15.08970506279274,1880.4894575304868,235.06118219131085,2.0,0.3333333333333333,14262.12189322677,2377.020315537795,6,6.890264535677963,0.0,1
287,69.73097387464658,9.961567696378083,1000069.7309738746,125008.71637173432,7.0,1.4,10572.597148114062,2114.5194296228124,5,8.946241635905832,8.621685871108298,1
288,35.38354706031615,7.076709412063229,1052353.6759672253,131544.20949590317,15.0,3.75,6976.409864005761,1744.1024660014402,4,8.086888382571722,6.87609033355443,3
289,24.66234701223902,6.165586753059755,4000024.6623470127,500003.0827933766,33.0,8.25,6081.254685420236,1520.313671355059,4,6.945,0.0,4
290,87.62452817513274,29.20817605837758,5000087.624528175,625010.9530660219,53.0,7.571428571428571,11130.594780766532,1590.0849686809331,7,3.6342838659673,0.0,6
291,326.4268933446689,40.80336166808361,326.4268933446689,40.80336166808361,0.0,0.0,10772.193819026195,2154.438763805239,5,5.510156386950985,0.0,0
292,115.34357191238203,14.417946489047754,115.34357191238203,14.417946489047754,0.0,0.0,12679.04037936483,2535.8080758729657,5,7.322189389471896,0.0,0
293,177.48089283764608,22.18511160470576,177.48089283764608,22.18511160470576,0.0,0.0,18495.348546520356,2642.192649502908,7,5.906389009698759,7.521227137763731,0
294,95.32439501749694,15.887399169582823,24279.240607392683,3034.9050759240854,4.0,0.5714285714285714,12378.668698435295,1768.3812426336135,7,4.6329375415370615,0.0,2
295,63.447558729491845,9.063936961355978,1000063.4475587294,125007.93094484118,4.0,1.0,9659.250208008962,2414.8125520022404,4,9.4329416557774,0.0,1
296,197.37600888868462,32.896001481447435,1001253.5024012154,125156.68780015192,10.0,2.5,3526.1594026711346,881.5398506677836,4,6.770127512900571,0.0,2
297,24.66234701223902,6.165586753059755,3379946.1516597047,422493.2689574631,24.0,6.0,6083.883930153732,1520.970982538433,4,6.945032062545401,0.0,4
298,1054.6441823048463,150.66345461497804,1001054.6441823049,125131.8305227881,0.0,0.0,11156.039064572033,1859.3398440953388,6,4.24464784508371,0.0,1
299,175.25933563109075,25.037047947298678,1000175.2593356312,125021.9074169539,5.0,0.7142857142857143,15096.342884330803,2156.6204120472576,7,4.473300518521573,0.0,1
300,216.57947189393718,27.072433986742148,216.57947189393718,27.072433986742148,0.0,0.0,20042.97755438052,2505.372194297565,8,5.379436214559246,0.0,0
301,190.03896806537685,23.754871008172106,190.03896806537685,23.754871008172106,0.0,0.0,12189.575151777794,1741.367878825399,7,6.270889168312631,0.0,0
302,434.6920882963874,72.44868138273124,1010763.9399150736,126345.4924893842,5.0,0.7142857142857143,14223.233199708162,2031.890457101166,7,3.1977868440303285,0.0,2
303,646.9251860791413,129.38503721582828,3000646.9251860795,375080.86564825993,15.0,3.75,4563.0,1140.75,4,4.182837787893441,0.0,3
304,84.07548200505747,21.018870501264367,3054498.891058386,381812.36138229823,35.0,7.0,8240.73118548593,1648.1462370971863,5,3.3726480030899886,0.0,4
305,379.8398868143196,63.3066478023866,2000379.8398868144,250047.4799858518,55.0,6.875,14631.523932324504,1828.940491540563,8,3.0395165016513785,0.0,4
306,131.03076853265196,26.206153706530394,3000131.0307685323,375016.37884606654,75.0,8.333333333333334,17626.588518320692,1958.5098353689657,9,3.0949014839041045,0.0,5
307,297.6228101838406,37.20285127298008,297.6228101838406,37.20285127298008,0.0,0.0,18563.876414755337,2062.6529349728153,9,4.005222957314465,0.0,0
308,109.48221437506784,15.640316339295406,1000109.482214375,125013.68527679688,5.0,0.8333333333333334,11783.475198584963,1963.912533097494,6,6.498351524584236,0.0,1
309,63.10205449925287,10.517009083208812,1019896.3545971094,127487.04432463867,13.0,2.1666666666666665,13132.44030954902,2188.7400515915033,6,7.0857260926544665,0.0,2
310,119.75144683944963,17.107349548492802,3134.059265401095,391.7574081751369,1.0,0.3333333333333333,1871.0047108129531,623.668236937651,3,7.914535811604873,0.0,1
311,48.059705955816455,8.009950992636076,2000048.059705956,250006.0074632445,4.0,2.0,3042.0,1521.0,2,9.0275,0.0,2
312,335.67260014145035,41.95907501768129,335.67260014145035,41.95907501768129,0.0,0.0,8491.986189969355,2122.996547492339,4,5.686402512355708,0.0,0
313,163.69264357222278,20.461580446527847,163.69264357222278,20.461580446527847,0.0,0.0,12482.207562745261,2496.4415125490523,5,6.3352666470804255,0.0,0
314,318.07350610982957,39.759188263728696,318.07350610982957,39.759188263728696,0.0,0.0,18695.88851255788,2336.986064069735,8,4.73816129091904,0.0,0
315,272.2385922546208,38.89122746494583,19007.18552684348,2375.898190855435,1.0,0.14285714285714285,10012.608407879172,1430.3726296970246,7,4.595101139224498,0.0,1
316,103.63268413539467,12.954085516924334,103.63268413539467,12.954085516924334,0.0,0.0,8710.130849605102,2177.5327124012756,4,9.30262894212077,0.0,0
317,67.6132184698393,9.659031209977043,88951.54554409481,11118.943193011852,4.0,1.3333333333333333,3275.11768037695,1091.7058934589834,3,9.632583972593602,7.716540724024412,1
318,382.19231862760495,63.69871977126749,1009574.7485745254,126196.84357181567,14.0,3.5,6457.940019192189,1614.4850047980472,4,8.022798220533264,0.0,3
319,191.57515754731307,38.315031509462614,3000191.575157548,375023.9468946935,29.0,4.142857142857143,12595.645650676546,1799.3779500966496,7,4.05562941029435,0.0,4
320,341.41496836137725,42.676871045172156,341.41496836137725,42.676871045172156,0.0,0.0,11027.097410086692,2205.4194820173384,5,6.828126408536919,0.0,0
321,169.51139249230746,21.188924061538433,169.51139249230746,21.188924061538433,0.0,0.0,19607.278217858584,2450.909777232323,8,7.076955182113452,6.917863111112865,0
322,100.82464230854544,14.403520329792205,6772.9698261320345,846.6212282665043,1.0,0.16666666666666666,13300.228259460138,2216.704709910023,6,6.908778682097371,0.0,1
323,84.46535874492777,10.558169843115971,84.46535874492777,10.558169843115971,0.0,0.0,9796.710872851034,2449.1777182127585,4,9.331815702788424,2.275359230691265,0
324,64.2629465421774,9.180420934596771,3437.709094419169,429.71363680239614,1.0,0.5,1464.6734355594526,732.3367177797263,2,9.782889551138974,0.0,1
325,71.45706489939388,8.932133112424236,71.45706489939388,8.932133112424236,0.0,0.0,0.0,0.0,0,11.11,0.0,0
326,192.0331649823902,24.004145622798774,192.0331649823902,24.004145622798774,0.0,0.0,6006.853188844605,2002.284396281535,3,7.336031898225191,0.0,0
327,148.48995447930332,18.561244309912915,148.48995447930332,18.561244309912915,0.0,0.0,11532.261529911866,2306.452305982373,5,8.536932666404173,0.0,1
328,146.47451114461074,20.92493016351582,1000146.4745111446,125018.30931389307,0.0,0.0,18318.515379647535,2289.814422455942,8,6.0219307352146405,0.0,2
329,398.35356693814526,49.79419586726816,398.35356693814526,49.79419586726816,1.0,0.125,15278.79403805616,1909.84925475702,8,6.198650021129828,0.0,1
330,153.33087892515906,19.166359865644882,153.33087892515906,19.166359865644882,4.0,0.5714285714285714,13599.757926920893,1942.822560988699,7,6.971280149658457,4.444752761705217,1
331,309.3291336675351,44.1898762382193,13777.856846269033,1722.232105783629,16.0,2.2857142857142856,12773.290445288236,1824.7557778983194,7,5.633694874831649,0.0,3
332,682.7223249564124,113.78705415940208,2000682.7223249564,250085.34029061956,31.0,7.75,4563.0,1140.75,4,8.005095883917848,0.0,3
333,168.48737960616077,21.060922450770097,168.48737960616077,21.060922450770097,0.0,0.0,6687.200945252976,2229.066981750992,3,9.441369504374865,0.0,0
334,372.81588290691104,46.60198536336388,372.81588290691104,46.60198536336388,0.0,0.0,13319.878722352847,2219.9797870588077,6,5.330979694466805,0.0,0
335,107.47081563989146,15.352973662841636,1000107.4708156397,125013.43385195496,0.0,0.0,16493.22561900307,2356.17508842901,7,6.157507781292587,0.0,1
336,157.215811707436,19.6519764634295,157.215811707436,19.6519764634295,0.0,0.0,12809.371064839259,1829.910152119894,7,6.322032527741201,7.141682121283566,0
337,303.65609175731834,43.3794416796169,19838.43885480095,2479.8048568501185,3.0,0.5,11148.26399547358,1858.0439992455968,6,5.517946451771126,0.0,1
338,64.75696025217957,10.792826708696595,2000064.756960252,250008.0946200315,9.0,2.25,6877.858718210772,1719.464679552693,4,6.808071240161139,1.2461601972376002,2
339,59.75838542760517,8.536912203943595,911741.3708860102,113967.67136075128,2.0,2.0,1520.6308135321062,1520.6308135321062,1,10.068763361298322,0.0,1
340,464.7506970236145,77.45844950393575,2000464.7506970237,250058.09383712796,7.0,1.1666666666666667,11148.916817869233,1858.1528029782055,6,3.9835886933282016,0.0,2
341,240.8190889920739,30.102386124009236,240.8190889920739,30.102386124009236,12.0,1.7142857142857142,15251.758209263004,2178.822601323286,7,5.85354835585691,0.0,1
342,119.04961829894594,14.881202287368243,119.04961829894594,14.881202287368243,17.0,2.4285714285714284,17748.24228050109,2535.4631829287273,7,7.994022892679785,0.0,1
343,349.89854281926296,43.73731785240787,349.89854281926296,43.73731785240787,0.0,0.0,12182.837019497203,1522.8546274371504,8,5.040966063962034,0.0,0
344,83.6003836829107,16.72007673658214,1021365.4589621787,127670.68237027233,7.0,1.1666666666666667,7857.336995160553,1309.556165860092,6,4.909369523938914,0.0,3
345,36.73623171684588,9.18405792921147,3285618.616885959,410702.3271107449,26.0,4.333333333333333,12125.975915906252,2020.9959859843755,6,5.229576551263121,0.0,4
346,24.66234701223902,6.165586753059755,4000024.6623470127,500003.0827933766,46.0,11.5,6084.0,1521.0,4,6.945,0.0,4
347,71.45706489939388,8.932133112424236,71.45706489939388,8.932133112424236,0.0,0.0,0.0,0.0,0,11.11,0.0,0
348,271.40365367850245,38.77195052550035,1000271.4036536784,125033.9254567098,0.0,0.0,5495.949897562047,1831.983299187349,3,7.583591534420847,0.0,1
349,135.40175438917782,16.925219298647228,135.40175438917782,16.925219298647228,0.0,0.0,8507.55962044863,2126.8899051121575,4,8.459562290334144,0.0,1
350,333.3797384737426,41.67246730921782,333.3797384737426,41.67246730921782,0.0,0.0,17179.505171904773,2147.4381464880967,8,4.528199503476122,0.0,0
351,138.35079380894194,17.293849226117743,138.35079380894194,17.293849226117743,0.0,0.0,14743.335730345196,2106.1908186207424,7,5.697928459106944,0.0,0
352,85.40724186827615,12.201034552610878,227680.42257352284,28460.052821690355,4.0,0.6666666666666666,14629.80208014813,2438.300346691355,6,6.657456748361629,0.0,1
353,60.5446372241666,8.649233889166657,2847.8984444876614,355.9873055609577,1.0,0.5,3043.226486646197,1521.6132433230985,2,10.007546360552976,0.0,1
354,59.75838542760517,8.536912203943595,1000059.7583854274,125007.46979817843,0.0,0.0,1521.0,1521.0,1,10.06875,0.0,1
355,359.4249023356983,44.928112791962285,359.4249023356983,44.928112791962285,0.0,0.0,10842.77008632545,2168.55401726509,5,5.642653717477806,0.0,0
356,108.38631858529648,18.064386430882745,2000108.3863185854,250013.54828982317,0.0,0.0,15510.411559264568,2215.7730798949383,7,4.701978636144195,0.0,2
357,138.10242671794128,17.26280333974266,138.10242671794128,17.26280333974266,0.0,0.0,20206.80065955526,2525.8500824444077,8,6.598857294143024,2.796914714301124,0
358,569.9419534252555,71.24274417815694,569.9419534252555,71.24274417815694,0.0,0.0,9896.183526658846,1649.3639211098077,6,7.563633986528354,0.0,0
359,46.176285869421946,9.235257173884388,1248791.2521959392,156098.9065244924,11.0,1.8333333333333333,12137.376891776888,2022.8961486294813,6,6.482809070602321,0.0,3
360,134.72908902605198,19.247012718007426,733093.755645892,91636.7194557365,3.0,1.5,1520.7001809280655,760.3500904640327,2,7.779109145296541,0.0,1
361,71.45706489939388,8.932133112424236,71.45706489939388,8.932133112424236,0.0,0.0,0.0,0.0,0,11.11,0.0,0
362,71.45706489939388,8.932133112424236,71.45706489939388,8.932133112424236,0.0,0.0,0.0,0.0,0,11.11,0.0,0
363,596.4577015493978,74.55721269367473,596.4577015493978,74.55721269367473,0.0,0.0,14870.867080109554,2124.4095828727936,7,2.332402696381323,0.0,0
364,230.05921046724876,28.757401308406095,230.05921046724876,28.757401308406095,0.0,0.0,19278.19131762481,2409.773914703101,8,4.095637900405563,0.0,0
365,99.89961674663292,12.487452093329114,99.89961674663292,12.487452093329114,0.0,0.0,20704.939012127164,2588.1173765158956,8,7.4063552774314845,0.0,0
366,115.1055169498456,14.3881896187307,115.1055169498456,14.3881896187307,0.0,0.0,4326.505038605997,1081.6262596514991,4,9.766269179796277,12.5,0
367,38.26072119479535,7.65214423895907,1370883.8518384139,171360.48147980173,11.0,2.75,4558.374873051522,1139.5937182628804,4,7.840974118771903,0.0,3
368,24.66234701223902,6.165586753059755,3029911.6084661335,378738.9510582667,29.0,7.25,6082.021323238268,1520.505330809567,4,6.945407577607677,0.0,4
369,106.71318505567906,26.678296263919766,4000106.713185056,500013.339148132,49.0,8.166666666666666,9567.06967301343,1594.511612168905,6,5.3300992841576225,0.0,5
370,406.047789727657,81.2095579455314,3000406.047789728,375050.755973716,69.0,7.666666666666667,16364.551110085682,1818.283456676187,9,2.5450495226844216,0.0,5
371,398.74887839543305,56.964125485061864,1000398.7488783953,125049.84360979941,89.0,8.9,19979.618193101818,1997.961819310182,10,4.032524562837788,0.0,4
372,167.1794947458855,23.88278496369793,1000167.1794947459,125020.89743684324,109.0,9.083333333333334,23091.76133669838,1924.313444724865,12,4.8376816606533755,0.0,4
373,663.345000170924,94.76357145298914,1000663.345000171,125082.91812502137,129.0,11.727272727272727,20602.316365574097,1872.937851415827,11,6.113592646973997,7.647351397986313,4
374,458.2698746443834,57.28373433054792,458.2698746443834,57.28373433054792,3.0,0.5,10183.334371199715,1697.2223951999524,6,8.1851398551425,0.0,1
375,830.631444900405,118.66163498577214,4115.562143937394,514.4452679921742,1.0,0.2,2012.9329506572906,402.58659013145814,5,6.664190212381868,0.0,1
376,274.96384423909234,54.99276884781847,2163683.9424322727,270460.4928040341,19.0,2.375,13552.13137298308,1694.016421622885,8,3.1990859607838726,0.0,5
377,200.32105352600254,50.080263381500636,4000200.321053526,500025.04013169074,39.0,3.9,18630.57926791054,1863.057926791054,10,1.3303673720462172,0.0,6
378,776.2101045752457,110.88715779646368,1000776.2101045753,125097.02626307191,59.0,5.363636363636363,23009.87216552503,2091.8065605022753,11,4.132081238775282,0.0,4
379,296.6032764768786,37.075409559609824,296.6032764768786,37.075409559609824,0.0,0.0,15164.734999255812,1684.970555472868,9,4.936408221155886,0.0,0
380,99.6528306435117,14.236118663358814,554811.348541048,69351.418567631,8.0,1.1428571428571428,16232.785234164427,2318.969319166347,7,6.891924021531881,0.0456927247199701,2
381,81.94946169118498,13.658243615197497,1039643.0492137466,129955.38115171832,21.0,3.5,9345.078320892255,1557.5130534820426,6,6.231767809541226,7.60462635022634,3
382,52.960304640214616,10.592060928042923,3000052.9603046402,375006.62003808003,39.0,9.75,6082.945211251836,1520.736302812959,4,5.901249999999999,0.0,4
383,415.7580040433453,69.29300067389089,1017779.7735611801,127222.47169514751,2.0,0.5,6589.183312347648,1647.295828086912,4,4.363130617540036,0.0,2
384,280.05062732898165,35.006328416122706,280.05062732898165,35.006328416122706,7.0,1.1666666666666667,12634.481989803779,2105.74699830063,6,5.337990880783052,0.0,1
385,124.79281148452182,20.79880191408697,2000124.7928114845,250015.59910143557,14.0,1.75,16569.853691041848,2071.231711380231,8,4.287383021494606,0.0,4
386,271.7983264087916,45.29972106813193,2000271.798326409,250033.97479080112,24.0,2.4,20229.55110435607,2022.955110435607,10,2.8531238844022275,2.202892769906839,3
387,87.88010414315626,21.970026035789065,1017579.6219631868,127197.45274539835,44.0,4.4,18299.785865909547,1829.9785865909548,10,2.437598294855376,0.0,6
388,185.21738154892853,23.152172693616066,185.21738154892853,23.152172693616066,0.0,0.0,13256.878364453782,2209.4797274089638,6,7.339902660536928,5.185465390746913,0
389,346.52468493239155,57.75411415539859,4209.391987727156,526.1739984658946,2.0,0.3333333333333333,9638.8134125726,1606.4689020954331,6,5.658582007372259,7.947131869542545,2
390,47.42721192148566,9.485442384297132,3000047.4272119217,375005.9284014902,10.0,3.3333333333333335,4563.0,1521.0,3,6.5962499999999995,0.0,3
391,341.04802107770126,42.63100263471266,341.04802107770126,42.63100263471266,0.0,0.0,10776.599337541122,2155.3198675082244,5,5.072216076438781,0.0,0
392,134.24630154355035,16.780787692943793,134.24630154355035,16.780787692943793,0.0,0.0,14882.377288181306,2480.3962146968843,6,6.6997470814560085,0.0,0
393,209.5399782220985,26.192497277762314,209.5399782220985,26.192497277762314,0.0,0.0,18996.02120982337,2713.717315689053,7,8.344601827200968,0.49463133441918217,0
394,96.97170543187941,16.161950905313237,4488.230529527793,561.0288161909741,2.0,0.3333333333333333,11760.798551152038,1960.133091858673,6,6.167488961161163,0.0,2
395,54.50686037793357,9.084476729655595,2000054.506860378,250006.81335754725,12.0,2.4,11275.25075040615,2255.05015008123,5,8.207194496788784,0.0,2
396,181.91009995027835,30.31834999171306,2000181.9100999502,250022.73876249377,22.0,4.4,9042.169360506596,1808.4338721013191,5,7.345095671856568,0.0,2
397,24.66234701223902,6.165586753059755,3066800.127864879,383350.0159831099,37.0,7.4,7571.323515474365,1514.264703094873,5,6.945182421042003,0.0,5
398,295.03473523277705,42.14781931896815,1000295.0347352328,125036.8793419041,0.0,0.0,5476.375343848158,1825.458447949386,3,7.6739187539769445,0.0,1
399,269.07220555633046,33.63402569454131,269.07220555633046,33.63402569454131,0.0,0.0,8856.080366305006,2214.0200915762516,4,6.878763403948397,0.0,0
400,474.76904033509413,59.34613004188677,474.76904033509413,59.34613004188677,0.0,0.0,16777.837233738872,2396.8338905341247,7,5.1098057510133374,0.0,0
401,146.90922878193942,18.363653597742427,146.90922878193942,18.363653597742427,1.0,0.125,17279.9410392567,2159.9926299070876,8,6.353363117937765,7.050889705959662,1
402,488.15879677571957,61.019849596964946,488.15879677571957,61.019849596964946,6.0,1.0,12824.425143078632,2137.4041905131053,6,7.785338263824001,0.0,1
403,421.19030343707846,60.17004334815407,1914.9659368026819,239.37074210033524,1.0,0.2,8824.164955758804,1764.8329911517608,5,7.463105181498775,13.209733902431253,1
404,59.12589139327437,9.854315232212395,1002458.2058991946,125307.27573739932,7.0,3.5,2944.55635847304,1472.27817923652,2,7.64196212713423,0.0,2
405,140.7083696832524,23.451394947208737,2000140.7083696832,250017.5885462104,17.0,5.666666666666667,5077.549631530161,1692.516543843387,3,6.726836393782868,0.0,2
406,360.48956448310366,51.498509211871955,1000360.489564483,125045.06119556038,27.0,5.4,9660.77124285769,1932.1542485715381,5,5.577495222500293,0.0,2
407,358.0066347016681,59.667772450278015,2000358.0066347015,250044.7508293377,37.0,3.7,19407.76077096168,1940.776077096168,10,2.2466780290822497,0.0,4
408,169.71992467094952,21.21499058386869,169.71992467094952,21.21499058386869,0.0,0.0,18407.655291884905,2300.956911485613,8,5.026614377405569,0.0,0
409,584.9716355743672,73.1214544467959,584.9716355743672,73.1214544467959,0.0,0.0,16396.076227048696,2342.2966038640993,7,6.42347466875021,0.0,0
410,58.47780505844558,11.695561011689117,1022022.8933191348,127752.86166489185,8.0,1.3333333333333333,9318.017386610718,1553.002897768453,6,5.128027964103481,7.6981762653872465,3
411,46.79471788715486,11.698679471788715,3016586.951124027,377073.36889050336,26.0,6.5,6077.597860277608,1519.399465069402,4,4.165647212743165,0.0,4
412,250.78026657633185,62.695066644082964,4000250.7802665764,500031.34753332206,46.0,9.2,7953.478744839111,1590.695748967822,5,3.1802272403798995,0.0,4
413,266.0538117361363,53.21076234722726,3000266.0538117364,375033.25672646705,66.0,7.333333333333333,15970.217817992794,1774.4686464436438,9,1.9913809668819888,0.0,5
414,331.43361448555896,41.42920181069487,331.43361448555896,41.42920181069487,0.0,0.0,22654.577882893347,2265.4577882893345,10,3.86905145659152,0.0,0
415,171.72676266768443,21.465845333460553,171.72676266768443,21.465845333460553,0.0,0.0,19391.317517453528,2423.914689681691,8,6.101814968515585,3.130851912766275,0
416,89.21174310975725,14.868623851626209,144011.89182363075,18001.486477953844,3.0,0.5,13606.537651193306,2267.7562751988844,6,5.208097215061838,6.589573738528998,2
417,341.2231874440643,48.74616963486633,9275.541893459744,1159.442736682468,2.0,0.4,11168.592568320786,2233.7185136641574,5,5.7822427884327965,0.0,1
418,60.14118812784232,8.591598303977474,1000060.1411881278,125007.51764851598,7.0,3.5,3012.487441001429,1506.2437205007145,2,10.035757912940943,0.0,1
419,48.059705955816455,8.009950992636076,1018599.4902823623,127324.93628529529,15.0,7.5,3033.8106744285433,1516.9053372142716,2,9.028156620520441,0.0,2
420,198.2489926804324,24.78112408505405,198.2489926804324,24.78112408505405,0.0,0.0,2087.9260794264264,2087.9260794264264,1,10.156707228592131,0.0,0
421,320.56812098808524,40.071015123510655,320.56812098808524,40.071015123510655,0.0,0.0,8311.662291793204,2077.915572948301,4,7.1621586721506905,0.0,0
422,258.01289411944737,36.85898487420677,1000258.0128941195,125032.25161176494,0.0,0.0,17418.12021876603,2177.265027345754,8,5.294575497001642,0.0,1
423,130.81099088608894,16.351373860761118,130.81099088608894,16.351373860761118,0.0,0.0,19599.86937303429,2449.983671629286,8,7.02047697172332,0.0,0
424,262.13101126312813,32.766376407891016,262.13101126312813,32.766376407891016,3.0,0.42857142857142855,15658.705483276502,2236.9579261823574,7,7.3322537986406955,6.6773925784616495,1
425,269.34019940375725,38.47717134339389,1903.7909037563343,237.97386296954178,1.0,0.2,7256.159699125088,1451.2319398250177,5,7.0027667320852425,7.250209662464613,1
426,526.5202428768622,87.75337381281037,2000526.5202428768,250065.8150303596,4.0,1.3333333333333333,3427.2006062317587,1142.400202077253,3,8.011101618805913,0.0,2
427,402.1258250712895,50.26572813391119,402.1258250712895,50.26572813391119,0.0,0.0,5800.949468603585,1933.6498228678618,3,8.651213836262928,0.0,0
428,117.56514242413365,16.795020346304806,128158.97143489897,16019.87142936237,5.0,1.25,9074.66076940332,2268.66519235083,4,8.510218550315422,0.0,1
429,479.499881485793,59.93748518572413,479.499881485793,59.93748518572413,10.0,1.1111111111111112,19147.96925110388,2127.5521390115423,9,3.5111894249399596,0.48500900988415196,1
430,129.2719707529644,16.15899634412055,129.2719707529644,16.15899634412055,0.0,0.0,15784.684445360464,2630.780740893411,6,6.138070025497582,0.0,0
431,91.79414985945134,11.474268732431417,91.79414985945134,11.474268732431417,0.0,0.0,14505.05228503433,2901.010457006866,5,8.059048199066892,5.345433109727082,0
432,59.75838542760517,8.536912203943595,1777.9304051625863,222.2413006453233,1.0,1.0,70.86577450181193,70.86577450181193,1,10.07583965683301,0.0,1
433,48.059705955816455,8.009950992636076,1104587.5120993902,138073.43901242377,6.0,3.0,3041.2548649087685,1520.6274324543842,2,9.027616522994153,0.0,2
434,79.81364785649777,11.401949693785395,1000079.8136478565,125009.97670598206,11.0,5.5,3856.6336328296234,1928.3168164148117,2,9.411113790001254,0.0,1
435,103.65714262923584,17.276190438205973,2000103.6571426294,250012.95714282867,16.0,4.0,7925.607384494104,1981.401846123526,4,6.5470591763220725,0.0,2
436,124.86148193544221,24.97229638708844,3000124.8614819353,375015.6076852419,21.0,3.0,13729.845730981038,1961.4065329972912,7,3.3159967696332187,2.4496952441154463,3
437,241.33196659721207,34.475995228173154,1946.1132812096869,243.26416015121086,27.0,3.0,19814.170990904164,2201.574554544907,9,3.4705823717347917,0.0,2
438,114.05728715550036,16.29389816507148,1000114.0572871554,125014.25716089443,37.0,4.625,19043.621752213563,2380.4527190266954,8,6.408905816451879,0.0,2
439,81.24733371309995,10.155916714137494,81.24733371309995,10.155916714137494,0.0,0.0,6720.714768514711,1680.1786921286778,4,9.608790755237406,0.0,0
440,118.25209756173624,14.78151219521703,118.25209756173624,14.78151219521703,0.0,0.0,0.0,0.0,2,9.721693695360418,0.0,0
441,521.7087518158563,74.52982168797948,1000521.7087518158,125065.21359397698,3.0,0.6,9353.653153778674,1870.7306307557349,5,6.544055759367164,0.0,2
442,252.6673281647565,31.583416020594562,252.6673281647565,31.583416020594562,0.0,0.0,13680.969287432134,2280.1615479053557,6,5.6519800273608425,0.0,0
443,106.42796726732958,15.203995323904225,1000106.4279672673,125013.30349590842,0.0,0.0,16927.31850954409,2418.1883585062983,7,6.158569479077123,0.0,1
444,142.45001631599428,17.806252039499284,142.45001631599428,17.806252039499284,0.0,0.0,15589.927627162842,2227.1325181661205,7,7.215926322308235,10.7454450757416,0
445,55.814314755170905,11.162862951034182,55034.44870678639,6879.3060883482985,5.0,0.8333333333333334,11337.750147734489,1889.6250246224147,6,5.894400200558413,0.0,3
446,79.19906494959665,9.89988311869958,79.19906494959665,9.89988311869958,0.0,0.0,6655.179780676337,3327.5898903381685,2,9.775629656889942,0.0,0
447,338.61958399652974,48.37422628521853,1000338.6195839965,125042.32744799956,3.0,1.5,2558.641825403556,1279.320912701778,2,7.675801401009417,0.0,1
448,388.4099042635242,48.551238032940525,388.4099042635242,48.551238032940525,0.0,0.0,8413.9314056393,2103.482851409825,4,6.2214918417343865,0.0,0
449,160.52039066317965,20.065048832897457,160.52039066317965,20.065048832897457,0.0,0.0,14002.159517811404,2333.6932529685673,6,6.083113752066856,0.0,0
450,100.08147258789715,12.510184073487144,100.08147258789715,12.510184073487144,0.0,0.0,15689.19560352805,2614.8659339213414,6,7.878134702183526,0.0,0
451,247.2749347141604,30.90936683927005,247.2749347141604,30.90936683927005,0.0,0.0,9812.18542391834,1401.740774845477,7,4.877765598743583,8.67252833592147,0
452,71.8779022476455,14.3755804495291,157307.28683546808,19663.41085443351,11.0,2.2,9639.406713177043,1927.8813426354086,5,4.400180954812964,0.0,3
453,76.50902420391196,9.563628025488995,76.50902420391196,9.563628025488995,0.0,0.0,6418.71165652794,3209.35582826397,2,10.355312543285544,7.121167867694567,0
454,77.25657568225631,9.657071960282039,77.25657568225631,9.657071960282039,0.0,0.0,0.0,0.0,1,10.764893419560897,0.0,0
455,307.9593618377515,43.99419454825021,1000307.9593618377,125038.49492022971,4.0,1.3333333333333333,5167.972006193568,1722.6573353978558,3,9.074369050128844,0.0,2
456,196.62238210726525,28.088911729609322,1000196.6223821072,125024.5777977634,9.0,1.5,11950.065370927656,1991.677561821276,6,5.631659739661263,0.0,2
457,142.71091797757663,17.83886474719708,142.71091797757663,17.83886474719708,0.0,0.0,14032.288206805357,2338.7147011342263,6,7.30206643719459,0.0,1
458,134.58897503078694,16.823621878848368,134.58897503078694,16.823621878848368,0.0,0.0,18041.441329694986,2255.1801662118733,8,7.108244298462042,0.0,1
459,284.1397351956445,40.59139074223493,6648.98105980934,831.1226324761675,3.0,0.42857142857142855,13755.126021857275,1965.018003122468,7,6.400198751558693,6.991306884879123,2
460,71.73415024405303,11.95569170734217,2000071.7341502442,250008.96676878052,18.0,3.0,12288.688192387903,2048.1146987313173,6,6.787089930650497,9.65650410366834,3
461,283.1021460567233,40.443163722389045,3984.322465163475,498.0403081454344,1.0,0.3333333333333333,6186.844189696843,2062.2813965656146,3,7.725029905440559,6.243451126516675,1
462,59.12589139327437,9.854315232212395,1004043.8701808263,125505.48377260329,7.0,3.5,2929.815046075061,1464.9075230375306,2,7.640186496101742,0.0,2
463,356.369367217921,50.90990960256015,1000356.3693672179,125044.54617090223,17.0,3.4,9386.96666583527,1877.3933331670542,5,5.301221404183948,0.0,2
464,615.6566577902436,76.95708222378045,615.6566577902436,76.95708222378045,0.0,0.0,14931.169527734084,2133.0242182477264,7,3.6939015794650185,0.0,0
465,157.76298238130644,19.720372797663305,157.76298238130644,19.720372797663305,0.0,0.0,19263.92737700908,2407.990922126135,8,5.739877778703812,0.0,0
466,931.9297920781125,116.49122400976407,931.9297920781125,116.49122400976407,0.0,0.0,14851.341258559736,2121.620179794248,7,6.207786085572962,0.0,0
467,87.60045927908911,14.60007654651485,1006413.6616465547,125801.70770581934,7.0,1.0,6827.512605899452,975.3589436999217,7,5.316334957447548,1.3934103340659476,2
468,79.86911047268472,11.409872924669246,5978.976300386739,747.3720375483424,2.0,0.6666666666666666,2699.2438376654254,899.7479458884751,3,9.412509855268155,0.0,2
469,48.059705955816455,8.009950992636076,1020522.0262104153,127565.25327630191,14.0,4.666666666666667,4549.050581167207,1516.3501937224025,3,9.028094962876263,0.0,3
470,158.23579769345514,19.779474711681893,158.23579769345514,19.779474711681893,0.0,0.0,4207.005047518499,2103.5025237592495,2,8.773695049303,0.0,0
471,112.36103080473143,16.051575829247348,506172.63478933723,63271.579348667154,3.0,1.0,5634.442984242497,1878.1476614141657,3,8.112172022180445,0.0,1
472,606.0461263602459,75.75576579503074,606.0461263602459,75.75576579503074,8.0,1.1428571428571428,14867.885380508447,2123.983625786921,7,5.572145622179377,0.0,1
473,586.4247694972867,73.30309618716083,586.4247694972867,73.30309618716083,0.0,0.0,16434.768922813528,2054.346115351691,8,4.97858185867644,0.0,0
474,89.21962567774031,12.74566081110576,1000089.2196256776,125011.1524532097,5.0,0.7142857142857143,17907.731459332317,2558.2473513331884,7,6.844402124357876,4.277656876024594,1
475,81.54098530942073,10.192623163677592,81.54098530942073,10.192623163677592,0.0,0.0,10291.155681054966,2058.231136210993,5,9.57471380363533,14.894258091140955,0
476,36.36102648402774,7.272205296805548,1215328.4122851372,151916.05153564215,8.0,2.6666666666666665,4551.66812834013,1517.22270944671,3,7.9869663357923,0.0,3
477,158.00940404203155,19.751175505253943,158.00940404203155,19.751175505253943,0.0,0.0,4149.022645529999,2074.5113227649995,2,9.471139460147825,0.0,0
478,210.22283000975054,30.03183285853579,1000210.2228300096,125026.2778537512,0.0,0.0,8357.50366540964,2089.37591635241,4,6.8608430461795065,0.0,1
479,290.47281830373646,41.49611690053378,1000290.4728183036,125036.30910228795,0.0,0.0,15171.93574004938,2167.4193914356256,7,4.201746507096105,0.0,1
480,250.42705514892364,31.303381893615455,250.42705514892364,31.303381893615455,0.0,0.0,14662.417022124888,1832.802127765611,8,3.926799890540086,0.0,0
481,75.52523422592432,12.587539037654054,1949277.601199901,243659.70014998762,10.0,1.25,19376.57607648355,2422.072009560444,8,5.580711926449484,0.0,2
482,51.853021995170806,8.642170332528467,2000051.8530219952,250006.4816277494,20.0,5.0,6801.616096399128,1700.404024099782,4,8.737085488007509,0.0,2
483,963.8813998975442,160.64689998292403,2000963.8813998974,250120.48517498717,30.0,7.5,3674.8083703780676,918.7020925945169,4,7.26644746303601,0.0,2
484,24.66234701223902,6.165586753059755,4000024.6623470127,500003.0827933766,49.0,12.25,6084.0,1521.0,4,6.945,0.0,4
485,275.3467224963108,39.33524607090154,1000275.3467224962,125034.41834031203,0.0,0.0,5743.53484705841,1914.5116156861368,3,7.526373233683407,0.0,1
486,218.65343704184943,31.236205291692777,1000218.6534370418,125027.33167963022,0.0,0.0,13002.153291032553,2167.0255485054254,6,4.62133259905735,0.0,1
487,195.69529375315165,24.461911719143956,195.69529375315165,24.461911719143956,0.0,0.0,19345.33078026084,2418.166347532605,8,4.6042026148294095,0.0,0
488,101.4080235250179,12.676002940627237,101.4080235250179,12.676002940627237,0.0,0.0,16036.42737797472,2290.9181968535313,7,7.823253498123361,7.951757579627383,0
489,98.10702192951614,14.015288847073734,12255.388035675032,1531.923504459379,1.0,0.16666666666666666,10237.061951051523,1706.1769918419204,6,7.015517935390332,7.006826634733443,1
490,60.836535815070526,10.139422635845088,2000060.8365358151,250007.6045669769,11.0,3.6666666666666665,3041.9182666957554,1013.9727555652518,3,8.483941379380216,0.0,2
491,91.09728232222821,22.774320580557053,4000091.097282322,500011.38716029027,26.0,5.2,8188.847355467686,1637.769471093537,5,4.673365481086075,0.0,4
492,261.127058609749,52.2254117219498,3000261.1270586103,375032.6408823263,41.0,5.125,15453.569635737083,1931.6962044671354,8,2.8040107634512244,0.0,3
493,170.43613264789084,21.304516580986355,170.43613264789084,21.304516580986355,0.0,0.0,17434.184668246784,2490.5978097495404,7,6.98073506868782,0.0,0
494,108.48150167097053,13.560187708871316,108.48150167097053,13.560187708871316,0.0,0.0,18264.307657730697,2609.1868082472424,7,8.258730192850228,0.0,0
495,75.7574618077437,9.469682725967962,75.7574618077437,9.469682725967962,0.0,0.0,10073.625374232244,2518.406343558061,4,10.775868175337225,0.0,0
496,134.55006492497358,16.818758115621698,134.55006492497358,16.818758115621698,2.0,0.5,3781.8973537651236,945.4743384412809,4,9.237904359758112,0.0,1
497,110.70080100824347,18.450133501373912,420360.0250373078,52545.00312966348,15.0,3.75,4554.121485568684,1138.530371392171,4,8.151229253819787,0.0,3
498,377.0209543259557,47.12761929074446,377.0209543259557,47.12761929074446,0.0,0.0,1751.898617486401,1751.898617486401,1,10.107144853960547,0.0,0
499,566.9615219883376,70.8701902485422,566.9615219883376,70.8701902485422,0.0,0.0,4173.159592730088,1391.053197576696,3,7.06722485672101,0.0,0
500,221.3106930526748,27.66383663158435,221.3106930526748,27.66383663158435,0.0,0.0,9184.20320769144,2296.05080192286,4,7.494727578547318,0.0,0
501,265.8106742750399,33.22633428437999,265.8106742750399,33.22633428437999,0.0,0.0,18662.42173857687,2332.802717322109,8,5.265575262458762,5.091371960446622,0
502,131.46704654370745,18.781006649101066,3787.9148838093256,473.4893604761657,2.0,0.25,17085.677989484513,2135.709748685564,8,4.78712137392081,0.0,1
503,80.76089800885819,10.095112251107274,80.76089800885819,10.095112251107274,0.0,0.0,11782.30521552749,2356.461043105498,5,9.99161020675558,0.0,0
504,96.52225700470595,13.788893857815136,9032.960241238017,1129.1200301547522,2.0,0.5,3437.9801892959786,859.4950473239946,4,8.733801224240466,0.0,1
505,24.66234701223902,6.165586753059755,2071518.0264265123,258939.75330331404,18.0,4.5,6057.752134546488,1514.438033636622,4,6.945682122316791,0.0,4
506,214.59649086022054,42.91929817204411,3000214.59649086,375026.8245613575,38.0,4.75,14859.28504768338,1857.4106309604224,8,2.67460598884034,0.0,4
507,226.8031331179629,45.36062662359258,3000226.803133118,375028.35039163975,58.0,5.8,20138.089686261992,2013.8089686261992,10,2.4972752398462035,0.0,5
508,145.51772176928742,24.25295362821457,2000145.5177217694,250018.18971522117,78.0,6.5,24496.286330566483,2041.3571942138735,12,4.301019174118185,12.939465682177342,6
509,130.44877973648897,26.089755947297796,1004975.7147463353,125621.96434329191,5.0,0.625,14541.538621364587,1817.6923276705734,8,2.8647499154381157,0.0,3
510,70.5539528924897,14.11079057849794,3000070.5539528923,375008.81924411154,20.0,2.857142857142857,13229.320403586757,1889.902914798108,7,4.445356212288335,0.0,3
511,61.93984649832728,8.84854949976104,10767.11257416722,1345.8890717709025,2.0,0.6666666666666666,5956.545142383312,1985.515047461104,3,9.89980872407551,0.0,1
512,238.07806828043917,39.67967804673986,1001407.0819065794,125175.88523832243,8.0,2.6666666666666665,1520.923014735162,506.974338245054,3,8.057058004800865,0.0,2
513,71.45706489939388,8.932133112424236,71.45706489939388,8.932133112424236,0.0,0.0,0.0,0.0,0,11.11,0.0,0
514,327.71924402885844,46.81703486126549,1000327.7192440289,125040.96490550361,0.0,0.0,7513.056662516118,1878.2641656290295,4,5.299698858535848,0.0,1
515,376.2676801424571,47.03346001780714,376.2676801424571,47.03346001780714,0.0,0.0,15248.53492120548,2178.362131600783,7,3.4575838466081774,0.0,0
516,157.7419548980278,19.717744362253477,157.7419548980278,19.717744362253477,0.0,0.0,19645.776537804606,2455.7220672255758,8,6.2898111666215115,0.0,0
517,359.0518735822425,44.88148419778031,359.0518735822425,44.88148419778031,0.0,0.0,13921.206352460531,1988.7437646372186,7,7.04340492074866,6.717523313670881,0
518,103.10390442694623,17.183984071157706,180833.5892903788,22604.19866129735,10.0,1.4285714285714286,9240.919766401628,1320.1313952002326,7,6.134195566883225,0.0,3
519,52.960304640214616,10.592060928042923,3000052.9603046402,375006.62003808003,30.0,7.5,6083.752358489997,1520.9380896224993,4,5.901249999999999,0.0,4
520,236.1319282002343,29.51649102502929,236.1319282002343,29.51649102502929,0.0,0.0,6040.486634208547,2013.4955447361824,3,7.9049860746965805,0.0,0
521,359.639888077026,59.939981346171,1028445.9530977319,128555.74413721649,3.0,0.5,11312.00812460427,1885.334687434045,6,4.781086569958339,0.0,2
522,166.14279608297963,23.734685154711375,1000166.1427960829,125020.76784951036,8.0,1.0,17808.68754949524,2226.085943686905,8,4.987260404854537,0.0,1
523,148.47470543965645,18.559338179957056,148.47470543965645,18.559338179957056,0.0,0.0,16278.265434388335,2034.7831792985419,8,6.452140462564072,0.0,0
524,67.0441076639336,11.174017943988934,363575.60495856556,45446.950619820695,6.0,0.75,18884.849836397832,2360.606229549729,8,6.4872532067866855,6.946739603660035,2
525,75.0612811294077,12.51021352156795,20829.12698049716,2603.640872562145,4.0,1.0,5976.145740969666,1494.0364352424165,4,5.824730351925528,7.288705076967972,2
526,71.45706489939388,8.932133112424236,71.45706489939388,8.932133112424236,0.0,0.0,0.0,0.0,0,11.11,0.0,0
527,126.74706027470958,18.106722896387083,1000126.7470602747,125015.84338253434,0.0,0.0,3606.4012949073567,1803.2006474536784,2,8.499014564340468,0.0,1
528,106.43435128721299,13.304293910901624,106.43435128721299,13.304293910901624,0.0,0.0,4781.586362388825,2390.7931811944127,2,9.222498898899648,0.0,0
529,115.04452269987374,16.434931814267678,1000115.0445226998,125014.38056533747,0.0,0.0,11155.84761739922,2231.169523479844,5,7.232916411333718,0.0,1
530,239.619961510357,34.23142307290814,1000239.6199615102,125029.95249518877,0.0,0.0,16211.210090598102,2026.4012613247628,8,4.9910870979186654,0.0,1
531,139.65040746143976,17.45630093267997,139.65040746143976,17.45630093267997,2.0,0.2857142857142857,16893.144975047526,2413.3064250067896,7,6.454796501252342,0.0,1
532,771.733127411193,110.24758963017042,1000771.7331274112,125096.4666409264,7.0,1.1666666666666667,11203.754154108767,1867.2923590181279,6,6.491009349514274,0.0,1
533,83.36817807223204,10.421022259029005,83.36817807223204,10.421022259029005,0.0,0.0,4587.950533873962,1529.3168446246539,3,9.97205564964664,8.759896272948708,0
534,65.29147814633413,9.327354020904876,14116.222793877145,1764.527849234643,2.0,2.0,1500.1623048200092,1500.1623048200092,1,9.374511871206929,0.0,1
535,199.89641541681183,24.98705192710148,199.89641541681183,24.98705192710148,0.0,0.0,2080.4706868167514,2080.4706868167514,1,10.155673228483646,0.0,0
536,180.57636808400014,22.572046010500017,180.57636808400014,22.572046010500017,0.0,0.0,6645.407062206153,2215.1356874020507,3,7.495462913424708,0.0,0
537,454.0332128038276,56.75415160047845,454.0332128038276,56.75415160047845,0.0,0.0,18121.117281186955,2265.1396601483693,8,4.21781671076431,0.0,0
538,127.66214914523508,15.957768643154385,127.66214914523508,15.957768643154385,0.0,0.0,18351.189775368457,2293.898721921057,8,6.895610243973992,5.121848647559091,0
539,732.792353311722,91.59904416396525,732.792353311722,91.59904416396525,1.0,0.14285714285714285,14463.043325037308,2066.1490464339013,7,6.588709702130318,0.0,1
540,99.64843801947467,12.456054752434333,99.64843801947467,12.456054752434333,0.0,0.0,1879.6307148925994,469.90767872314984,4,9.19881708613582,5.917547139574708,0
541,180.14138349867073,36.02827669973415,81520.34943682482,10190.043679603103,5.0,1.25,6293.135042333859,1573.2837605834648,4,6.32905249935134,0.0,3
542,168.10765212221978,33.621530424443954,3000168.1076521226,375021.0134565153,20.0,2.857142857142857,11810.107174505256,1687.1581677864651,7,5.5152049814153,0.0,5
543,216.25747294519405,27.032184118149257,216.25747294519405,27.032184118149257,0.0,0.0,11728.663701539288,2345.7327403078575,5,6.568961831373162,0.0,0
544,142.2675753383649,20.32393933405213,1000142.2675753384,125017.7834469173,0.0,0.0,17329.81462176313,2166.226827720391,8,5.3595703278906,0.0,2
545,145.73676410340255,18.21709551292532,145.73676410340255,18.21709551292532,0.0,0.0,13097.963494438305,1871.137642062615,7,6.695070374413098,0.0,0
546,1464.4579782155718,183.05724727694647,1464.4579782155718,183.05724727694647,5.0,0.8333333333333334,9730.920522779781,1621.8200871299634,6,6.494825691900101,0.0,1
547,874.964996687722,174.9929993375444,2952330.841470829,369041.35518385365,20.0,3.3333333333333335,9955.539093945707,1659.2565156576177,6,5.634078045733252,7.488834842496317,3
548,358.18227997285135,89.54556999321284,3375705.7354477383,421963.2169309673,40.0,6.666666666666667,9872.326741507068,1645.3877902511779,6,3.5976865024552573,0.0,4
549,24.66234701223902,6.165586753059755,4000024.6623470127,500003.0827933766,60.0,15.0,6084.0,1521.0,4,6.945,0.0,4
550,622.1946964399627,124.43893928799255,3000622.1946964404,375077.77433705505,80.0,8.88888888888889,16142.977593403835,1793.6641770448705,9,2.0912121614220087,0.0,5
551,371.4454272669804,53.06363246671149,1000371.445427267,125046.43067840837,100.0,9.090909090909092,22004.472614523358,2000.4066013203053,11,3.733157087543514,0.0,5
552,244.9829225113737,30.62286531392171,244.9829225113737,30.62286531392171,120.0,10.0,25698.414063452947,2141.5345052877456,12,4.096319823370071,0.0,4
553,1066.0359621023274,133.25449526279093,1066.0359621023274,133.25449526279093,140.0,14.0,19620.374896957073,1962.0374896957073,10,6.52747638377585,7.903670228768078,4
554,209.86026359939484,34.97671059989914,1036951.3513310644,129618.91891638305,168.0,16.8,15966.37404368787,1596.637404368787,10,5.447821504754698,3.1675802561494493,6
555,24.66234701223902,6.165586753059755,2659017.779255826,332377.22240697825,203.0,25.375,12117.262231005603,1514.6577788757004,8,6.945411527586845,0.0,8
556,24.66234701223902,6.165586753059755,4000024.6623470127,500003.0827933766,243.0,30.375,12168.0,1521.0,8,6.945,0.0,8
557,364.8768904930034,72.97537809860067,3000364.8768904936,375045.6096113117,283.0,25.727272727272727,18389.736292316546,1671.7942083924133,11,3.9315450234361924,0.0,8
558,541.7863360985375,90.29772268308959,2000541.7863360986,250067.72329201232,323.0,24.846153846153847,23070.765068610093,1774.6742360469302,13,4.632995806328254,0.0,8
559,306.39562982281916,43.770804260402734,1000306.3956298229,125038.29945372786,363.0,22.6875,31499.963215654105,1968.7477009783815,16,5.332247736405094,0.0,8
560,195.85143463946014,27.978776377065735,1000195.8514346394,125024.48142932993,403.0,28.785714285714285,25314.536243711278,1808.1811602650912,14,5.78216209523894,12.5,8
561,437.3557395375871,62.479391362512445,1942.865060398661,242.85813254983262,5.0,0.5,17477.20580822308,1747.720580822308,10,5.392618450906312,25.0,2
562,797.7378138046687,113.96254482923838,1000797.7378138046,125099.71722672558,6.0,0.8571428571428571,6032.312161927744,861.7588802753919,7,5.135121641102748,0.0,1
563,465.1216909333913,77.52028182223188,1010358.9194663063,126294.86493328829,19.0,3.1666666666666665,9963.525680932209,1660.5876134887014,6,5.743443084874229,0.0,4
564,153.5480416265902,25.591340271098364,1569421.6332071014,196177.70415088767,16.0,2.0,14436.576734646575,1804.5720918308218,8,5.500099122841347,0.0,5
565,451.274570391437,56.409321298929626,451.274570391437,56.409321298929626,23.0,2.3,19482.746117023,1948.2746117023003,10,3.068964125418745,0.0,2
566,172.15333726971522,21.519167158714403,172.15333726971522,21.519167158714403,33.0,3.3,22146.604368959208,2214.6604368959206,10,5.404728980645063,0.0,2
567,244.68662557393128,34.95523222484733,15176.029115193418,1897.0036393991772,46.0,5.111111111111111,20332.533143991706,2259.1703493324117,9,5.890610014099574,0.0,3
568,40.15457644975511,8.030915289951022,1013993.2189896473,126749.15237370592,64.0,10.666666666666666,7436.89223780946,1239.48203963491,6,7.742241740206199,12.5,5
569,620.9147837635779,88.70211196622542,2025.432654811583,253.17908185144788,8.0,2.6666666666666665,4323.869033517422,1441.2896778391407,3,9.057437009037505,12.5,2
570,171.7890526462457,24.541293235177957,1000171.7890526461,125021.47363158077,6.0,1.2,6726.16669033052,1345.2333380661041,5,9.12595077441876,0.0,3
571,187.85535494631483,23.481919368289354,187.85535494631483,23.481919368289354,0.0,0.0,8333.652577943469,2083.413144485867,4,8.053685069633074,0.0,0
572,132.44493891501293,16.555617364376616,132.44493891501293,16.555617364376616,0.0,0.0,11533.487056379046,2306.6974112758094,5,8.358400588220684,0.0,0
573,148.00579207194312,18.50072400899289,148.00579207194312,18.50072400899289,0.0,0.0,19360.631964414642,2420.0789955518303,8,6.5865775862418765,0.0,0
574,103.5624162013239,14.794630885903414,58457.78381498053,7307.2229768725665,3.0,0.42857142857142855,13319.60904782696,1902.8012925467085,7,6.2168049875505815,0.0,2
575,106.13448281786968,17.689080469644946,1003417.951524436,125427.2439405545,14.0,2.0,13343.13473550272,1906.162105071817,7,6.128698374419618,11.29918976152453,3
576,36.36102648402774,7.272205296805548,2606546.322381851,325818.29029773135,33.0,8.25,6083.328912799243,1520.8322281998107,4,7.986270084171368,0.0,4
577,36.36102648402774,7.272205296805548,3000036.3610264845,375004.54512831056,53.0,10.6,7605.0,1521.0,5,7.98625,0.0,5
578,380.2272315391287,54.31817593416124,1000380.227231539,125047.52840394237,73.0,10.428571428571429,12532.806570198609,1790.4009385998013,7,6.747225690367244,0.0,4
579,181.02396186396683,25.86056598056669,1000181.023961864,125022.627995233,93.0,11.625,15865.165899148791,1983.145737393599,8,5.998058581089136,0.0,4
580,375.45376302475336,53.63625186067905,1000375.4537630248,125046.9317203781,0.0,0.0,18993.693099400632,2110.410344377848,9,3.650684981611182,1.4012556858972403,1
581,115.03976877000429,16.434252681429182,16458.206471187023,2057.275808898378,1.0,0.14285714285714285,14797.912511820618,2113.9875016886594,7,6.134601715136992,7.01305658842557,1
582,326.61399788001813,40.82674973500227,326.61399788001813,40.82674973500227,2.0,0.2857142857142857,17268.1628566846,2466.8804080978002,7,6.2333946189768765,0.9731922665082493,1
583,126.61736514087261,21.102894190145435,2000126.6173651412,250015.82717064265,12.0,2.4,6656.432315072096,1331.286463014419,5,5.8833261789269375,0.0,3
584,766.5247056163129,95.81558820203911,766.5247056163129,95.81558820203911,4.0,1.3333333333333333,3923.2397526175178,1307.7465842058393,3,8.397457627487793,0.0,1
585,330.7910752561168,47.25586789373097,44531.812025282605,5566.476503160326,9.0,2.25,6914.061372750122,1728.5153431875306,4,6.881219639575848,0.0,2
586,327.1644499850862,40.895556248135776,327.1644499850862,40.895556248135776,0.0,0.0,10897.67302202643,2179.5346044052862,5,5.512732516764664,0.0,0
587,73.39312287836388,12.232187146393981,2000073.3931228784,250009.1741403598,0.0,0.0,13940.042150153404,2323.3403583589006,6,6.67306539083831,0.0,2
588,197.58200500283442,24.697750625354303,197.58200500283442,24.697750625354303,0.0,0.0,15657.079442012484,2236.725634573212,7,5.6581361261153855,3.451762471723896,0
589,99.72786149923836,14.246837357034051,2635.022222186579,329.37777777332235,1.0,0.14285714285714285,15000.565959766174,2142.9379942523105,7,6.491219091873953,0.0,1
590,205.9953942726799,29.427913467525702,1000205.9953942727,125025.74942428409,10.0,1.4285714285714286,15060.972830669132,2151.5675472384473,7,6.5544598147752895,5.215588251769532,2
591,284.2918276895722,56.85836553791444,2053846.109034855,256730.76362935686,22.0,3.6666666666666665,8644.788203246088,1440.798033874348,6,4.173160487349282,0.0,3
592,196.0591144978711,32.676519082978515,2000196.0591144979,250024.50738931223,10.0,3.3333333333333335,5086.921221103604,1695.6404070345345,3,6.678205823674798,0.0,2
593,268.78016505668717,33.597520632085896,268.78016505668717,33.597520632085896,0.0,0.0,8537.23788899335,2134.3094722483374,4,8.076389921088705,0.0,0
594,300.7488567273949,37.593607090924365,300.7488567273949,37.593607090924365,0.0,0.0,16898.4463135344,2414.063759076343,7,5.028892720905133,0.0,0
595,133.57196648894953,16.69649581111869,133.57196648894953,16.69649581111869,0.0,0.0,17687.48946202024,2210.93618275253,8,7.093897320908245,0.0,0
596,446.99127641588547,74.49854606931424,93483.95197766341,11685.493997207926,4.0,0.5,15590.070670679526,1948.7588338349408,8,5.433772998916517,2.121451328821422,2
597,31.906154489311128,7.976538622327782,3006667.964105572,375833.4955131965,22.0,3.6666666666666665,11208.680660012793,1868.1134433354655,6,5.663431883538257,2.854305435727156,4
598,65.29147814633413,9.327354020904876,25344.317661160192,3168.039707645024,1.0,1.0,1397.6159742300138,1397.6159742300138,1,9.37417347359121,0.0,1
599,65.29147814633413,9.327354020904876,1000065.2914781463,125008.16143476829,6.0,6.0,1520.9211255807343,1520.9211255807343,1,9.37375,0.0,1
600,211.97124123974396,26.496405154967995,211.97124123974396,26.496405154967995,0.0,0.0,2031.2415240065454,2031.2415240065454,1,10.148777734418399,0.0,0
601,295.836792130336,36.979599016292,295.836792130336,36.979599016292,0.0,0.0,8750.965358514208,2187.741339628552,4,6.658042804484721,0.0,0
602,249.52611558373587,31.190764447966984,249.52611558373587,31.190764447966984,0.0,0.0,18391.07647691192,2298.88455961399,8,4.087417549403617,0.0,1
603,123.77136625718826,15.471420782148533,123.77136625718826,15.471420782148533,0.0,0.0,19675.464438806855,2459.433054850857,8,6.287064791463232,8.044309965492857,0
604,90.67968266618797,12.954240380883997,185601.35523195172,23200.169403993965,3.0,0.5,12651.945587921764,2108.657597986961,6,7.7968778835904935,0.0,1
605,101.13918804130543,14.448455434472205,1362.2061066185888,170.2757633273236,1.0,0.3333333333333333,2847.485878886435,949.1619596288116,3,7.841752153838028,0.0,1
606,233.89877717020485,38.98312952836748,2000233.8987771703,250029.2373471463,11.0,3.6666666666666665,4970.906899655507,1656.9689665518356,3,6.661574973186943,0.0,2
607,67.55672801355672,11.25945466892612,2000067.5567280136,250008.4445910017,0.0,0.0,5353.752427807685,1784.5841426025618,3,7.765919200228527,0.0,2
608,371.9245704344173,46.490571304302165,371.9245704344173,46.490571304302165,0.0,0.0,14167.018221762228,2361.169703627038,6,5.007553903965745,0.0,0
609,196.40423985774032,24.55052998221754,196.40423985774032,24.55052998221754,0.0,0.0,18207.370435346686,2275.9213044183357,8,4.681751649531722,0.0,0
610,103.51677988135147,12.939597485168933,103.51677988135147,12.939597485168933,0.0,0.0,19065.650594271137,2723.6643706101627,7,7.393446026854178,2.9918656870336235,0
611,57.012011266469216,11.402402253293843,51486.67725416784,6435.83465677098,6.0,1.0,10367.252613147564,1727.875435524594,6,5.216662959530062,7.370337416750772,3
612,46.79471788715486,11.698679471788715,3008140.6819247003,376017.58524058753,22.0,5.5,6009.231118106154,1502.3077795265385,4,4.166322603061603,0.0,4
613,46.79471788715486,11.698679471788715,4000046.7947178874,500005.8493397359,42.0,7.0,9126.0,1521.0,6,4.165,0.0,6
614,483.26371230391885,80.54395205065315,2000483.263712304,250060.407964038,62.0,6.2,17636.078867685545,1763.6078867685544,10,2.610812011284288,0.0,6
615,232.86922316753478,29.108652895941848,232.86922316753478,29.108652895941848,82.0,8.2,21030.206763783506,2103.020676378351,10,4.158733807834796,0.0,4
616,175.84903860631954,25.12129122947422,1000175.8490386064,125021.9811298258,0.0,0.0,21639.716158194486,1803.3096798495405,12,3.5907873095513585,0.0,1
617,103.33692031649178,17.22282005274863,316825.8377237044,39603.22971546305,7.0,0.875,9668.26299906963,1208.5328748837037,8,4.670120843869595,2.406203725325895,2
618,240.4258874604335,30.053235932554188,240.4258874604335,30.053235932554188,0.0,0.0,7272.2818914828695,1212.0469819138116,6,4.965993506008624,0.0,0
619,85.83987185850722,10.729983982313403,85.83987185850722,10.729983982313403,0.0,0.0,1457.709941859501,728.8549709297505,2,10.535795850023613,0.0,0
620,59.75838542760517,8.536912203943595,5577.876551330409,697.2345689163011,7.0,3.5,3008.3335534693615,1504.1667767346808,2,10.070957500751843,0.0,2
621,594.597712212636,74.3247140265795,594.597712212636,74.3247140265795,0.0,0.0,5118.20486126754,1706.0682870891799,3,8.420376508506138,0.0,1
622,226.52647284470223,28.31580910558778,226.52647284470223,28.31580910558778,0.0,0.0,9097.688772437341,1819.5377544874682,5,7.347393708432007,0.0,0
623,191.4828084697212,27.354686924245886,1000191.4828084698,125023.93535105872,4.0,0.5,17132.393949512105,2141.549243689013,8,3.8287496037324784,0.0,2
624,185.43078774697182,23.178848468371477,185.43078774697182,23.178848468371477,9.0,1.0,21950.364352040382,2438.929372448931,9,6.5051128482670455,0.0,1
625,103.54036283803092,14.791480405432988,6904.605512196066,863.0756890245083,15.0,1.875,14270.705122921507,1783.8381403651883,8,7.393317464770837,0.016377962941760416,2
626,74.79589550580954,12.46598258430159,1113142.6463641047,139142.8307955131,33.0,4.714285714285714,13510.127507896887,1930.0182154138408,7,7.301907635458846,7.206655247023264,4
627,297.70405650584746,42.52915092940678,101384.69605282145,12673.087006602682,8.0,2.0,6937.449704434877,1734.3624261087193,4,8.371712035709564,0.0,2
628,233.86605587968404,33.40943655424058,1000233.8660558796,125029.23325698495,18.0,6.0,4986.456192733851,1662.152064244617,3,8.400071031826082,0.0,2
629,220.51311112753294,27.564138890941617,220.51311112753294,27.564138890941617,0.0,0.0,7680.230024660191,1920.0575061650477,4,7.388988726375989,0.0,1
630,399.98470092314795,49.998087615393494,399.98470092314795,49.998087615393494,0.0,0.0,15587.262866114002,2226.751838016286,7,4.169183940005023,0.0,0
631,156.20275033006595,19.525343791258244,156.20275033006595,19.525343791258244,0.0,0.0,18517.846938798808,2314.730867349851,8,5.295560829343814,2.850447227257291,0
632,82.50604740080078,11.786578200114397,15038.645434043823,1879.830679255478,2.0,0.2857142857142857,19094.017240252746,2727.716748607535,7,7.30906542974421,0.0,1
633,80.65191417292306,11.521702024703293,205827.3913218395,25728.423915229938,4.0,1.0,7166.058718532842,1791.5146796332106,4,8.090432515784688,2.85403887350526,2
634,107.61419155605805,15.37345593657972,7637.745863984754,954.7182329980942,3.0,1.5,3682.9662599812145,1841.4831299906073,2,8.53227990349908,0.0,1
635,65.29147814633413,9.327354020904876,20366.676433519304,2545.834554189913,2.0,2.0,1505.9355925383193,1505.9355925383193,1,9.374277303926483,0.0,1
636,349.96660342709015,43.74582542838627,349.96660342709015,43.74582542838627,7.0,2.3333333333333335,5610.207479769963,1870.0691599233212,3,8.597044475113506,0.0,1
637,248.05667509537636,31.007084386922045,248.05667509537636,31.007084386922045,0.0,0.0,8581.366484623366,2145.3416211558415,4,8.18688712103991,0.0,0
638,372.1907453063698,46.52384316329623,372.1907453063698,46.52384316329623,5.0,0.5555555555555556,19849.32266537038,2205.480296152264,9,2.781158708705334,0.0,1
639,236.96844315891707,29.621055394864634,236.96844315891707,29.621055394864634,10.0,1.25,16175.8266177746,2021.978327221825,8,4.834191307846869,0.0,1
640,86.74834512550093,12.39262073221442,1000086.7483451254,125010.84354314067,20.0,2.5,17475.578878807184,2184.447359850898,8,6.589482026287511,4.953162075440787,2
641,1314.3555975399904,187.76508536285579,1001314.3555975399,125164.29444969249,30.0,4.285714285714286,7438.620319676358,1062.6600456680512,7,3.91931252991281,0.0,2
642,467.1648472801568,93.43296945603136,2009667.3581678343,251208.4197709793,20.0,3.3333333333333335,10580.063687907208,1763.3439479845347,6,2.3129911807851897,0.0,3
643,330.3374190343592,55.05623650572653,2000330.3374190344,250041.2921773793,15.0,1.875,12601.672361690531,1575.2090452113164,8,2.671817301123386,0.0,4
644,362.5508463045371,45.31885578806714,362.5508463045371,45.31885578806714,34.0,3.4,19803.75057671115,1980.375057671115,10,3.9153394462820144,0.0,4
645,113.25608104960537,14.157010131200671,113.25608104960537,14.157010131200671,0.0,0.0,18587.190486902153,2655.3129267003073,7,6.8208507852850015,2.2741189981445586,0
646,113.48968071434231,14.18621008929279,113.48968071434231,14.18621008929279,0.0,0.0,12533.798453382646,2088.9664088971076,6,8.736320405259677,10.682809738597143,0
647,564.0519117587626,80.57884453696609,91597.47759073564,11449.684698841955,3.0,0.75,7030.138087607554,1757.5345219018884,4,7.193946350266427,0.0,1
648,100.9819795408119,12.622747442601488,100.9819795408119,12.622747442601488,0.0,0.0,2772.681142725289,1386.3405713626446,2,10.342748637394411,0.0,0
649,71.45706489939388,8.932133112424236,71.45706489939388,8.932133112424236,0.0,0.0,0.0,0.0,0,11.11,0.0,0
650,379.9497561250982,47.493719515637274,379.9497561250982,47.493719515637274,0.0,0.0,8449.288001121251,2112.3220002803127,4,5.724865854964591,0.0,0
651,182.676401348285,22.834550168535625,182.676401348285,22.834550168535625,0.0,0.0,11761.454806127313,2352.2909612254625,5,5.532734180295374,0.0,0
652,80.16729775288464,13.36121629214744,2000080.1672977528,250010.0209122191,0.0,0.0,15933.675622692646,2276.239374670378,7,5.281802851534448,7.445884988578655,2
653,164.72047085674188,20.590058857092735,164.72047085674188,20.590058857092735,0.0,0.0,11184.790507939897,2236.9581015879794,5,7.940174937568061,0.0,0
654,103.13964160893448,12.89245520111681,103.13964160893448,12.89245520111681,0.0,0.0,8838.670150625881,2209.6675376564704,4,9.750075289258588,0.0,0
655,71.26157678477192,8.90769709809649,71.26157678477192,8.90769709809649,0.0,0.0,7975.090450455336,2658.3634834851123,3,11.132020907470308,1.2074604907581943,0
656,71.45706489939388,8.932133112424236,71.45706489939388,8.932133112424236,0.0,0.0,0.0,0.0,0,11.11,0.0,0
657,180.7545569089439,22.594319613617987,180.7545569089439,22.594319613617987,0.0,0.0,3989.63396977424,1994.81698488712,2,9.40514729365008,0.0,0
658,284.74419856997827,35.59302482124728,284.74419856997827,35.59302482124728,0.0,0.0,11217.331240761523,2243.4662481523046,5,5.5826613945188,0.0,0
659,138.9060539899408,19.843721998562973,1000138.9060539899,125017.36325674874,0.0,0.0,15816.70653759092,2259.5295053701316,7,4.885156528467778,0.0,1
660,163.17562807655062,20.396953509568828,163.17562807655062,20.396953509568828,0.0,0.0,14634.444018131908,2439.0740030219845,6,6.035064439212437,7.327583799872173,0
661,92.40873789287055,11.551092236608818,92.40873789287055,11.551092236608818,0.0,0.0,10998.003764091758,2749.5009410229395,4,9.078148438835049,0.0,0
662,61.26536275612058,10.210893792686763,1009832.2762660974,126229.03453326218,6.0,1.5,6336.203163085433,1584.0507907713582,4,7.467644067942245,0.0,2
663,67.41800744658482,9.631143920940689,1493.8897436692519,186.73621795865648,1.0,0.5,0.0,0.0,2,9.665291429750496,0.0,1
664,41.8941192027567,8.37882384055134,2471415.5098082214,308926.93872602767,9.0,3.0,4561.216478592662,1520.4054928642206,3,7.291275842027629,0.0,3
665,62.818852963042474,12.563770592608495,3000062.8188529634,375007.8523566204,19.0,4.75,6938.768798436192,1734.692199609048,4,5.9501595919555985,0.0,3
666,67.92108005681217,13.584216011362434,3000067.921080057,375008.49013500713,29.0,5.8,9548.722478557718,1909.7444957115435,5,5.658124878203962,0.0,3
667,359.90312859771115,44.98789107471389,359.90312859771115,44.98789107471389,0.0,0.0,17047.586183093274,2130.948272886659,8,3.2632963644005364,0.0,0
668,124.8193452428101,17.831335034687157,33454.21244238795,4181.776555298494,2.0,0.25,19530.354060722395,2441.2942575902994,8,4.808274302075807,0.0,1
669,85.35058096278425,10.668822620348031,85.35058096278425,10.668822620348031,0.0,0.0,13516.662480927884,2252.777080154647,6,9.255657430339578,0.0,0
670,1382.6906564724272,172.8363320590534,1382.6906564724272,172.8363320590534,0.0,0.0,3900.338505418502,780.0677010837004,5,6.645542304026343,0.0,0
671,268.47493789863233,67.11873447465808,3035994.606309505,379499.32578868815,17.0,2.8333333333333335,9746.672094508656,1624.4453490847761,6,5.25762966496781,0.0,5
672,732.0656579604315,146.4131315920863,3000732.0656579607,375091.5082072451,37.0,3.3636363636363638,19375.521818395322,1761.4110743995748,11,0.8189688417944125,0.0,6
673,186.5410308207334,23.317628852591675,186.5410308207334,23.317628852591675,0.0,0.0,15994.856808924735,2284.979544132105,7,4.579716401491314,0.0,0
674,133.8163158515706,16.727039481446326,133.8163158515706,16.727039481446326,0.0,0.0,20527.8118287568,2565.9764785946,8,6.180136957331042,7.218475894416088,0
675,206.9972670417313,29.571038148818758,50318.94981196163,6289.868726495204,2.0,0.25,19895.636832633092,2486.9546040791365,8,6.344266847174343,2.307876360271166,1
676,57.95360155780172,11.590720311560343,2013612.4227291408,251701.5528411426,11.0,2.75,6397.356033633138,1599.3390084082846,4,5.590556564709183,0.0,3
677,58.32411581168514,11.664823162337028,3000058.3241158114,375007.2905144764,26.0,6.5,6013.417566668213,1503.3543916670533,4,5.57391980541905,0.0,3
678,291.3033373752579,48.550556229209654,1090511.6484923167,136313.9560615396,3.0,0.75,7164.987783317025,1791.2469458292562,4,5.725444028488122,0.0,2
679,295.2223055941465,36.902788199268315,295.2223055941465,36.902788199268315,0.0,0.0,11527.014246126055,2305.402849225211,5,6.227797382329591,0.0,0
680,183.39713834523684,22.924642293154605,183.39713834523684,22.924642293154605,0.0,0.0,14804.386489613196,2467.397748268866,6,7.275289735526313,0.0,0
681,248.96015225429286,31.120019031786608,248.96015225429286,31.120019031786608,0.0,0.0,11929.273797600668,1704.1819710858097,7,6.193069858068036,3.1552110245058884,0
682,113.03611496123088,18.83935249353848,1011773.7937922331,126471.72422402914,8.0,1.3333333333333333,11675.274576322043,1945.8790960536737,6,4.7106193942564065,8.011365961573347,2
683,69.35061045243637,9.907230064633767,175366.81809494496,21920.85226186812,2.0,0.5,8727.057909025149,2181.764477256287,4,8.976456712247623,0.0,1
684,52.30492420027077,8.717487366711795,2000052.3049242003,250006.53811552504,10.0,3.3333333333333335,6177.610945898814,2059.203648632938,3,8.319508621937128,0.0,2
685,36.36102648402774,7.272205296805548,3000036.3610264845,375004.54512831056,20.0,6.666666666666667,4563.0,1521.0,3,7.98625,0.0,3
686,285.64776140492563,57.12955228098512,3000285.647761405,375035.7059701756,30.0,3.75,14369.409362378176,1796.176170297272,8,2.5550341355451383,0.0,4
687,184.72693290881386,26.389561844116265,1000184.7269329088,125023.0908666136,0.0,0.0,18119.83185424948,2264.978981781185,8,3.3157258638413625,0.0,1
688,122.7879947658519,15.348499345731488,122.7879947658519,15.348499345731488,0.0,0.0,20202.824560917576,2525.353070114697,8,7.129160073157495,0.0,0
689,95.03070457735991,13.575814939622845,1260.13009267471,157.51626158433876,2.0,0.2857142857142857,10391.899970119246,1484.5571385884637,7,6.7514338757041505,7.054382398860071,2
690,887.726752518995,126.81810750271357,43084.49081015524,5385.561351269405,4.0,0.5714285714285714,11292.009030946574,1613.144147278082,7,4.179919745846566,0.0,2
691,1018.4854873553305,169.7475812258884,2001018.4854873554,250127.31068591942,12.0,3.0,6649.804116880103,1662.4510292200257,4,6.469484438344937,0.0,2
692,65.29147814633413,9.327354020904876,5811.924814226846,726.4906017783558,2.0,2.0,1500.2811571091306,1500.2811571091306,1,9.375612829829908,0.0,1
693,335.221040112702,47.88872001610029,4901.9417534746835,612.7427191843354,2.0,0.6666666666666666,5425.770376618473,1808.590125539491,3,7.48554291073226,0.0,1
694,439.9675841275333,54.995948015941664,439.9675841275333,54.995948015941664,0.0,0.0,11119.56905887958,2223.913811775916,5,5.811346582211553,0.0,0
695,144.6725294545669,20.66750420779527,1000144.6725294546,125018.08406618182,0.0,0.0,16874.224762529888,2410.6035375042698,7,5.2745828967145645,0.0,1
696,153.58048220290948,19.197560275363685,153.58048220290948,19.197560275363685,0.0,0.0,19555.63221047043,2444.454026308804,8,5.860688703462585,8.112032980852746,0
697,97.35059500519017,13.90722785788431,46683.130255169155,5835.391281896144,4.0,0.6666666666666666,12432.654256407846,2072.109042734641,6,7.569173953468064,8.120293386974708,2
698,73.06592957514273,12.177654929190455,1002132.5115786364,125266.56394732955,16.0,2.6666666666666665,9699.43137576539,1616.5718959608985,6,7.328476995225216,7.744491894169414,3
699,18.496760259179265,6.165586753059755,3093244.2449688544,386655.5306211068,35.0,7.0,6083.013875739798,1216.6027751479596,5,5.2183783533735095,0.0,5
